496574.29327334900 2747838.18016714556 1978.33787562887
496573.78460575244 2747837.78357884986 1978.33787562887
496572.71370767284 2747836.94864136400 1979.69579436795
496576.90189589711 2747827.53382193670 1982.46170375156
496581.96345960657 2747818.79993932741 1984.12015673011
496587.10271789564 2747810.12663215352 1985.68009153250
496593.76773692685 2747812.15304103913 1979.24787562887
496594.27640452341 2747812.54962933483 1979.24787562887
496605.12009359768 2747821.00403098483 1979.49037562887
496603.58292966115 2747822.97561081685 1979.42037562887
496597.43427391519 2747830.86193014262 1979.14037562887
496591.28561816917 2747838.74824946932 1978.86037562887
496585.13696242322 2747846.63456879556 1978.58037562887
496574.29327334900 2747838.18016714556 1978.33787562887
