497645.61077616451 2746454.01693469752 1966.70237562887
497645.61077616451 2746454.01693469752 1966.70237562887
497645.81845308584 2746453.54670290276 1966.62029996482
497650.50519952172 2746445.80397232017 1965.93743232720
497655.51637659111 2746437.05162525596 1965.01425810314
497660.53799241106 2746428.30721752578 1964.09982714445
497665.25386808481 2746419.33027493767 1962.92931503751
497670.25771352038 2746410.57235169876 1962.00000000000
497676.37108582794 2746402.65829432989 1962.00000000000
497682.94946817349 2746395.09790672036 1962.39364875288
497689.51451630471 2746387.52737759054 1962.80529574889
497696.03503111418 2746379.92297803238 1963.21297595820
497702.51718649222 2746372.28940368351 1963.62186049394
497709.16550290457 2746364.78220538655 1964.20325115077
497714.92537046381 2746362.88111837301 1966.54654247503
497714.92537046381 2746362.88111837301 1966.54654247503
497725.86962788244 2746371.20492336527 1966.78904247503
497722.84278970346 2746375.18465333572 1966.73487579041
497716.78911334544 2746383.14411327709 1966.65154242118
497710.73543698742 2746391.10357321799 1966.60154238528
497704.68176062941 2746399.06303315889 1966.58487568271
497698.62808427139 2746407.02249310026 1966.60154231348
497692.57440791337 2746414.98195304116 1966.64737562887
497686.52073155530 2746422.94141298207 1966.69737562887
497680.46705519728 2746430.90087292343 1966.74737562887
497674.41337883926 2746438.86033286387 1966.79737562887
497668.35970248125 2746446.81979280477 1966.84737562887
497662.30602612323 2746454.77925274614 1966.89737562887
497656.85771740100 2746461.94276669296 1966.94237562887
497656.55503358314 2746462.34073969023 1966.94487562887
497645.61077616451 2746454.01693469752 1966.70237562887
