497739.45956676337 2746372.74637112813 1966.63637581195
497739.45956676337 2746372.74637112813 1966.63637581195
497739.49095580488 2746375.28297778824 1965.56866677996
497735.29119083972 2746384.65245545097 1963.89920512390
497729.59645473567 2746392.88491232181 1963.51523137903
497723.90197229444 2746401.11756211938 1963.16437850515
497718.17024626670 2746409.32188579766 1962.87805336457
497711.91020939057 2746417.12439541798 1963.06756297686
497705.65171979234 2746424.92808184167 1963.28494330821
497699.39775042405 2746432.73520618863 1963.50270428005
497693.13840336946 2746440.53824046208 1963.72496948238
497686.01906436053 2746447.68719606614 1964.66754482364
497678.90934718418 2746454.84346968820 1965.60206113184
497674.68522973260 2746457.91259249672 1966.62987562887
497674.68522973260 2746457.91259249672 1966.62987562887
497663.74097231397 2746449.58878750401 1966.87237562887
497666.76781049301 2746445.60905753355 1966.84737562887
497672.82148685103 2746437.64959759265 1966.79737562887
497678.87516320904 2746429.69013765175 1966.74737562887
497684.92883956706 2746421.73067771085 1966.69737562887
497690.98251592508 2746413.77121776994 1966.64737562887
497697.03619228309 2746405.81175782857 1966.60154231348
497703.08986864111 2746397.85229788767 1966.58487568271
497709.14354499913 2746389.89283794677 1966.60154238528
497715.19722135720 2746381.93337800540 1966.65154242118
497721.25089771522 2746373.97391806450 1966.73487579041
497727.30457407323 2746366.01445812406 1966.85154248580
497728.51530934480 2746364.42256613541 1966.87887581195
497739.45956676337 2746372.74637112813 1966.63637581195
