497934.69062930963 2746116.05378803099 1974.38291163279
497935.20401447581 2746116.44425015617 1974.38291163279
497933.46553880535 2746120.77567856805 1975.60743064041
497928.27611479838 2746129.39245748147 1976.64634885949
497922.99592992052 2746137.94020696962 1977.54901592533
497917.85764267610 2746146.59587864811 1978.60773622290
497912.91653870587 2746155.40152076911 1979.89196878739
497907.36354136525 2746163.74177899957 1980.38521670739
497901.78592903010 2746172.06331595825 1980.82531694700
497896.07435116608 2746180.28296359815 1981.07488514203
497890.46880134643 2746188.58325232053 1981.43544121351
497884.93858566461 2746196.94083745359 1981.86842236093
497879.45303993294 2746205.33239693008 1982.33530312155
497875.59645440610 2746214.96288441820 1982.82653293111
497870.10027264606 2746223.34635451715 1983.23560649603
497864.48311874090 2746231.63781759329 1983.47531954859
497858.65299462626 2746239.76730325725 1983.44618313108
497852.74439233844 2746247.83710127044 1983.31844935427
497846.75209072058 2746255.84324061126 1983.08555853082
497840.67557972175 2746263.78533335356 1982.74686984969
497834.59934628790 2746271.72763720155 1982.40852989194
497828.40710906847 2746279.58171277959 1981.92444664701
497821.83186621772 2746287.14448817587 1980.95916790133
497815.42085758050 2746294.83217415400 1980.20022754368
497808.87105949718 2746302.41430191649 1979.26691675500
497800.82307677221 2746308.85696481448 1978.45133675113
497794.10875248152 2746316.31395991426 1977.31132072289
497787.45332017960 2746323.81574612344 1976.24529462516
497780.06794608815 2746330.76236510044 1974.26219400861
497773.13409463502 2746338.05239580804 1972.84787138616
497766.27040871856 2746345.39579187660 1971.54686909545
497759.49291727901 2746352.80474433629 1970.38749200416
497752.78201077919 2746360.26433888404 1969.34510334362
497746.01140577788 2746367.67852891842 1968.26104481031
497741.19201181596 2746371.55127266515 1966.67550123980
497740.57831956539 2746372.34088725923 1966.65054247503
497739.45956676337 2746372.74637112813 1966.63637581195
497739.45956676337 2746372.74637112813 1966.63637581195
497728.51530934480 2746364.42256613541 1966.87887581195
497729.12067698064 2746363.62662014132 1966.89304247503
497729.72604461643 2746362.83067414723 1966.90754247144
497733.35825043125 2746358.05499818269 1967.00154244990
497739.41192678927 2746350.09553824179 1967.18487574733
497745.46560314728 2746342.13607830089 1967.40154237810
497751.51927950530 2746334.17661835998 1967.65154234220
497757.57295586332 2746326.21715841861 1967.93487563963
497763.62663222133 2746318.25769847771 1968.24337562887
497769.68030857935 2746310.29823853681 1968.55337562887
497775.73398493737 2746302.33877859544 1968.86337562887
497781.78766129544 2746294.37931865500 1969.17337562887
497787.84133765346 2746286.41985871410 1969.48337562887
497793.89501401148 2746278.46039877273 1969.79337562887
497799.94869036949 2746270.50093883183 1970.10337562887
497806.00236672751 2746262.54147889093 1970.41337562887
497812.05604308553 2746254.58201894956 1970.72337562887
497818.10971944354 2746246.62255900865 1971.03337562887
497824.16339580156 2746238.66309906775 1971.34337562887
497830.21707215958 2746230.70363912638 1971.65337562887
497836.27074851759 2746222.74417918595 1971.96337562887
497842.32442487561 2746214.78471924504 1972.27337562887
497848.37810123363 2746206.82525930414 1972.58209482687
497854.43177759170 2746198.86579936277 1972.87343888089
497860.48545394972 2746190.90633942187 1973.14256071269
497866.53913030773 2746182.94687948097 1973.38946032227
497872.59280666575 2746174.98741953960 1973.61413770963
497878.64648302377 2746167.02795959869 1973.81659287476
497884.70015938178 2746159.06849965779 1973.99682581767
497890.75383573980 2746151.10903971689 1974.15483653836
497896.80751209782 2746143.14957977599 1974.29062503683
497902.86118845583 2746135.19011983508 1974.40419131307
497908.91486481385 2746127.23065989371 1974.49553536710
497914.96854117187 2746119.27119995281 1974.56465719890
497921.02221752994 2746111.31174001191 1974.61155680848
497923.74637189100 2746107.72998303827 1974.62541163279
497934.69062930963 2746116.05378803099 1974.38291163279
