498000.07033397624 2746030.09162066784 1973.36542817423
498000.07033397624 2746030.09162066784 1973.36542817423
497998.77536619984 2746032.24763179384 1973.23531662467
497993.36015366093 2746040.69268414378 1972.89809828913
497987.65118162835 2746048.91431368468 1972.78470415150
497981.94091881497 2746057.13496150402 1972.65016892089
497976.23395772645 2746065.35812049592 1972.49064601678
497970.27167652978 2746073.38709227927 1972.52275133598
497964.18660171848 2746081.32267169654 1972.63548363418
497958.03767219471 2746089.20968553657 1972.77947699748
497951.60711218079 2746096.88250144711 1973.13713557511
497945.02876561065 2746104.44291626662 1973.59635466388
497938.22043615731 2746111.82841445180 1974.22598007974
497937.71746748860 2746112.07405806053 1974.39302812220
497937.71746748860 2746112.07405806053 1974.39302812220
497926.77321006998 2746103.75025306782 1974.63552812220
497927.07589388796 2746103.35228007054 1974.63623421739
497933.12957024598 2746095.39282012964 1974.63868945437
497939.18324660399 2746087.43336018920 1974.61892246913
497945.23692296201 2746079.47390024783 1974.57693326167
497951.29059932003 2746071.51444030693 1974.51272183198
497957.34427567804 2746063.55498036603 1974.42628818007
497963.39795203606 2746055.59552042512 1974.31763230595
497969.45162839408 2746047.63606048375 1974.18675420959
497975.50530475209 2746039.67660054285 1974.03365389102
497981.55898111011 2746031.71714060195 1973.85833135022
497987.61265746813 2746023.75768066058 1973.66078658721
497989.12607655762 2746021.76781567559 1973.60792817423
498000.07033397624 2746030.09162066784 1973.36542817423
