496599.50276190747 2747805.84625790734 1979.48587562887
496598.99409431091 2747805.44966961164 1979.48587562887
496599.24874245684 2747804.38019019272 1979.97063804714
496597.09949373221 2747792.56035553198 1989.15721365257
496600.03608117788 2747782.16971176863 1991.51017616806
496605.47302711278 2747773.72850004677 1992.69263748318
496611.24066410959 2747765.54511525529 1993.45577636378
496618.06638025952 2747758.18667353224 1992.87725114313
496627.03526850010 2747752.49917954020 1991.13787562887
496633.64102638728 2747744.96924493415 1991.28152969690
496636.19510586228 2747734.28037461685 1994.11951945372
496638.62110630085 2747723.49164606817 1999.11991581753
496643.99014401680 2747714.99748895597 2000.38848602085
496650.06492764258 2747707.05357441679 2000.76215724718
496656.20119494479 2747699.15759630408 2001.05786602493
496662.48722134216 2747691.37837951956 2001.16367747674
496668.74032208283 2747683.57349188393 2001.31123927539
496675.06043041957 2747675.82084745914 2001.37383419237
496681.42411398038 2747668.10217693727 2001.38117491260
496687.80182770028 2747660.39444518369 2001.37072512932
496694.17367412540 2747652.68213892914 2001.36771518524
496700.46949312359 2747644.91055705352 2001.46110943662
496706.57930681063 2747636.99395408807 2001.79036189190
496712.45270758541 2747628.89302919060 2002.41939032935
496718.17737376882 2747620.67614173098 2003.23701700281
496723.90017610264 2747612.45780110080 2004.05700707231
496729.64018386923 2747604.25287487498 2004.85518033224
496735.36733997654 2747596.03792871162 2005.66964973576
496741.30960057193 2747587.99069113238 2006.21136263630
496747.38382075407 2747580.04633729858 2006.58574831967
496753.52721931384 2747572.15591914905 2006.87241452983
496759.69674903614 2747564.28587444825 2007.12594593852
496765.90652803041 2747556.44721053587 2007.32844051962
496772.37544064596 2747548.81058300566 2007.20234883565
496779.14369239646 2747541.40733853076 2006.69668954541
496787.80179000250 2747535.47753319703 2003.79467046129
496794.20508911269 2747527.78974937461 2003.75177792593
496800.38376665942 2747519.92683687573 2003.99370972267
496806.53626121016 2747512.04351051617 2004.26884204663
496812.70936662483 2747504.17625364289 2004.51783941071
496818.89413887827 2747496.31809294969 2004.75204300560
496825.15000041516 2747488.51535779890 2004.89610406310
496831.42523838562 2747480.72772969864 2005.01559544156
496837.81897368660 2747473.03248934774 2004.98482999458
496844.28404784092 2747465.39286911907 2004.86360555101
496850.94916173181 2747457.90921207517 2004.48872699048
496857.60174448293 2747450.41578498995 2004.12973814879
496863.95707378065 2747442.69060097495 2004.14767223046
496870.22469256050 2747434.89703248860 2004.27682488464
496876.48293795838 2747427.09615594149 2004.41786316197
496882.65055491787 2747419.22461993434 2004.67381998966
496888.87551398925 2747411.39779133629 2004.85706594985
496894.98776737484 2747403.48309050873 2005.18322482178
496901.15910399152 2747395.61445457302 2005.43446505470
496907.26086823450 2747387.69157576980 2005.77392435506
496913.31299759651 2747379.72999858484 2006.17632161037
496919.36355354165 2747371.76719466783 2006.58071398756
496925.37033621862 2747363.77026244020 2007.04060473985
496931.34696464380 2747355.74982011784 2007.52707188866
496937.31674523215 2747347.72403880395 2008.00000000000
496943.64196687698 2747339.97538102604 2008.00000000000
496949.94966336765 2747332.21305956878 2008.00000000000
496956.23983470426 2747324.43707443168 2008.00000000000
496962.51248088689 2747316.64742561523 2008.00000000000
496969.13904359745 2747309.13371171849 2007.52900501917
496976.15114845685 2747301.92059000582 2006.54691318026
496984.71920652146 2747295.92058435176 2005.56962143379
496991.57298977952 2747288.58402545797 2004.74383989392
496998.54641587572 2747281.34074742161 2003.74412678163
497005.44543652982 2747274.03945836285 2002.81653893547
497012.44181496196 2747266.81407536799 2001.74327738851
497019.54428248317 2747259.67140590027 2000.51327067579
497026.28505528212 2747252.24673715746 1999.71967739488
497032.76925984892 2747244.62203216599 1999.22919523156
497039.23509564839 2747236.98300576257 1998.73978282153
497045.67197023955 2747229.32139943400 1998.26487154153
497052.10183861014 2747221.65433062846 1997.77662205779
497058.53565125790 2747213.99033702165 1997.26114893470
497064.98084609135 2747206.33521766216 1996.70902076560
497071.36540378263 2747198.63282188680 1996.21155940164
497077.69460376963 2747190.88726586662 1995.76207041692
497083.92592616781 2747183.06539850635 1995.41446981832
497090.13938830543 2747175.22960619722 1995.06729414090
497096.34128988819 2747167.38480057381 1994.71255524040
497102.52851840842 2747159.52855493594 1994.35419983474
497108.70278501569 2747151.66220339946 1993.99005815427
497109.02508844010 2747151.27948148921 1993.95403524411
497109.53375603666 2747151.67606978491 1993.95403524411
497120.37744511093 2747160.13047143538 1994.19653524411
497120.07001232362 2747160.52478740178 1994.21370190898
497113.92135657766 2747168.41110672848 1994.54536853969
497107.77270083164 2747176.29742605472 1994.85481294817
497101.62404508569 2747184.18374538096 1995.14203513444
497095.47538933973 2747192.07006470719 1995.40703509848
497089.32673359371 2747199.95638403343 1995.64981284030
497083.17807784776 2747207.84270336013 1995.87036835990
497077.02942210174 2747215.72902268637 1996.06870165727
497070.88076635578 2747223.61534201261 1996.24481273243
497064.73211060982 2747231.50166133931 1996.39870158536
497058.58345486381 2747239.38798066555 1996.53036821606
497052.43479911785 2747247.27429999225 1996.63981262455
497046.28614337189 2747255.16061931802 1996.72703481081
497040.13748762588 2747263.04693864426 1996.79203481081
497033.98883187992 2747270.93325797096 1996.83481262455
497027.84017613390 2747278.81957729720 1996.85536821606
497021.69152038795 2747286.70589662390 1996.85370158536
497015.54286464199 2747294.59221595014 1996.82981273243
497009.39420889597 2747302.47853527637 1996.78370165727
497003.24555315002 2747310.36485460307 1996.71536835990
496997.09689740400 2747318.25117392931 1996.62481284030
496990.94824165804 2747326.13749325555 1996.51203509848
496984.79958591209 2747334.02381258179 1996.37703513444
496978.65093016607 2747341.91013190802 1996.21981294817
496972.50227442011 2747349.79645123472 1996.04036853969
496966.35361867410 2747357.68277056096 1995.83870190898
496960.20496292808 2747365.56908988720 1995.61481305605
496954.05630718212 2747373.45540921390 1995.36870198090
496947.90765143611 2747381.34172854014 1995.10036868352
496941.75899569015 2747389.22804786684 1994.82037562887
496935.61033994419 2747397.11436719261 1994.54037562887
496929.46168419818 2747405.00068651885 1994.26037562886
496923.31302845222 2747412.88700584555 1993.98037562887
496917.16437270626 2747420.77332517179 1993.70037562887
496911.01571696025 2747428.65964449849 1993.42037562887
496904.86706121429 2747436.54596382473 1993.14037562887
496898.71840546827 2747444.43228315096 1992.86037562887
496892.56974972232 2747452.31860247767 1992.58037562887
496886.42109397636 2747460.20492180390 1992.30037562887
496880.27243823034 2747468.09124113014 1992.02037562887
496874.12378248438 2747475.97756045638 1991.74037562887
496867.97512673837 2747483.86387978261 1991.46037562886
496861.82647099241 2747491.75019910932 1991.18037562887
496855.67781524645 2747499.63651843555 1990.90037562887
496849.52915950044 2747507.52283776179 1990.62037562887
496843.38050375448 2747515.40915708849 1990.34037562887
496837.23184800852 2747523.29547641473 1990.06037562887
496831.08319226251 2747531.18179574143 1989.78037562887
496824.93453651655 2747539.06811506767 1989.50037562887
496818.78588077053 2747546.95443439344 1989.22037562886
496812.63722502458 2747554.84075372014 1988.94037562887
496806.48856927856 2747562.72707304638 1988.66037562887
496800.33991353255 2747570.61339237262 1988.38037562887
496794.19125778659 2747578.49971169932 1988.10037562887
496788.04260204063 2747586.38603102555 1987.82037562887
496781.89394629461 2747594.27235035226 1987.54037562887
496775.74529054866 2747602.15866967849 1987.26037562887
496769.59663480264 2747610.04498900473 1986.98037562887
496763.44797905668 2747617.93130833097 1986.70037562887
496757.29932331073 2747625.81762765720 1986.42037562887
496751.15066756471 2747633.70394698391 1986.14037562887
496745.00201181875 2747641.59026631014 1985.86037562887
496738.85335607280 2747649.47658563638 1985.58037562887
496732.70470032678 2747657.36290496308 1985.30037562887
496726.55604458082 2747665.24922428932 1985.02037562887
496720.40738883481 2747673.13554361556 1984.74037562887
496714.25873308885 2747681.02186294226 1984.46037562887
496708.11007734289 2747688.90818226803 1984.18037562887
496701.96142159688 2747696.79450159473 1983.90037562887
496695.81276585092 2747704.68082092097 1983.62037562887
496689.66411010490 2747712.56714024721 1983.34037562887
496683.51545435895 2747720.45345957391 1983.06037562887
496677.36679861299 2747728.33977890015 1982.78037562887
496671.21814286697 2747736.22609822685 1982.50037562887
496665.06948712101 2747744.11241755309 1982.22037562887
496658.92083137506 2747751.99873687932 1981.94037562887
496652.77217562904 2747759.88505620556 1981.66037562887
496646.62351988303 2747767.77137553180 1981.38037562887
496640.47486413701 2747775.65769485850 1981.10037562887
496634.32620839105 2747783.54401418474 1980.82037562887
496628.17755264509 2747791.43033351097 1980.54037562887
496622.02889689908 2747799.31665283768 1980.26037562887
496615.88024115312 2747807.20297216391 1979.98037562887
496610.96131655638 2747813.51202762499 1979.75637562887
496610.34645098174 2747814.30065955780 1979.72837562887
496599.50276190747 2747805.84625790734 1979.48587562887
