497095.51883092965 2747211.12421419751 1995.52036837788
497095.51883092965 2747211.12421419751 1995.52036837788
497094.49033458967 2747213.49238232477 1995.57481281333
497093.06226590718 2747215.54901947314 1995.76620317665
497087.10100444150 2747223.58144281432 1996.20215591675
497081.23688545550 2747231.68960436014 1996.73906491063
497075.40786861343 2747239.82513367943 1997.29826185551
497069.60335988848 2747247.97977102222 1997.86631332789
497063.75805015751 2747256.10259741126 1998.36040614131
497057.91618477216 2747264.22810922237 1998.83664422708
497052.10221224092 2747272.37536800420 1999.32602878585
497046.30665487534 2747280.53698437288 1999.81654193184
497040.71297941700 2747288.85600019479 2000.54082287943
497035.22596240480 2747297.25817344896 2001.37812650384
497029.77416198584 2747305.68780370802 2002.23786320312
497024.47797072452 2747314.23875636142 2003.27269299457
497019.08211961575 2747322.71200811677 2004.15893001827
497013.38074142556 2747330.94705231721 2004.63553078195
497007.61804131418 2747339.13428620575 2005.01215198356
497001.80570157734 2747347.28281801427 2005.30360699192
496996.14684834977 2747355.55101726996 2005.76746353471
496992.79017130320 2747365.61413354846 2007.12830019237
496987.48800660594 2747374.16042894591 2008.00000000000
496981.51591675874 2747382.18440982047 2008.00000000000
496975.56135206565 2747390.22205437487 2008.00000000000
496969.62431252655 2747398.27336260816 2008.00000000000
496963.40604130307 2747406.10540546104 2007.63173322139
496956.10833263176 2747413.09585301485 2005.89471268021
496948.78882431373 2747420.06930423435 2004.13004978042
496939.85707502911 2747425.78575402265 2002.32103526385
496933.04195048177 2747433.15245360555 2001.19594039286
496926.69098499132 2747440.88103991048 2000.65940786349
496920.48128353117 2747448.71976427315 2000.30200075932
496914.38881942938 2747456.64989403402 2000.09325281224
496908.36583935999 2747464.63419778645 1999.97261191422
496902.38824939926 2747472.65389043698 1999.90952652064
496896.44546087761 2747480.70071641263 1999.89057000088
496890.53814789141 2747488.77520128060 1999.91659712172
496884.63083369873 2747496.84968520794 1999.94262271283
496878.69304709829 2747504.90041098697 1999.93000872243
496872.72658443457 2747512.92877915641 1999.88103294890
496866.76003764960 2747520.95708174026 1999.83195050820
496860.74713797320 2747528.94924478233 1999.72409173649
496854.72152614809 2747536.93149665697 1999.60011372310
496848.75213680405 2747544.95758300880 1999.53787562887
496844.22689532064 2747554.10961514991 1999.32594642888
496838.19366200245 2747562.08592484379 1999.19230422018
496832.15173118259 2747570.05545343459 1999.04763341705
496826.18293770042 2747578.08200435666 1998.99570212232
496820.30807486264 2747586.18178933952 1999.06287663663
496814.69016336720 2747594.48190926807 1999.45587024562
496809.80059689569 2747603.34989141859 2000.77241892983
496805.59587569122 2747612.75182072632 2002.95736418630
496800.27678946883 2747621.28492307104 2003.72927381512
496794.49515621387 2747629.45739552611 2003.91466517944
496788.27317653265 2747637.28654703870 2003.54168906188
496781.82064545032 2747644.93594661122 2002.87636946757
496775.23226053570 2747652.47942624707 2002.03878468002
496768.43495992018 2747659.86002245452 2000.93629088705
496761.68287262751 2747667.27586972713 1999.89112843079
496754.90719888313 2747674.67332756380 1998.81605791385
496748.02754741313 2747681.98971802043 1997.60914170152
496741.29979413282 2747689.42453757441 1996.59483522683
496734.84084927413 2747697.06893657567 1995.92138284443
496728.78560382739 2747705.02808427112 1995.75982884610
496722.95381397702 2747713.16145158419 1995.88162071189
496717.12786238815 2747721.29937076150 1996.01081560207
496711.21786648827 2747729.37176386593 1996.03344073838
496705.20179520111 2747737.36145412643 1995.92156030512
496699.18875159201 2747745.35350494925 1995.81351902406
496693.17936513858 2747753.34840711392 1995.71011508463
496687.10627743258 2747761.29364389507 1995.52593676882
496680.99371482932 2747769.20810363768 1995.29170354694
496674.78399707889 2747777.04681529989 1994.93427578640
496668.40638313571 2747784.75462484546 1994.36395252188
496661.90574864304 2747792.36652006442 1993.63763690608
496655.42577762454 2747799.99452578789 1992.93752296089
496648.92647802917 2747807.60746177426 1992.21290001975
496642.20245932689 2747815.04519303329 1991.20332905963
496635.36943101953 2747822.39793375228 1990.05553188702
496626.02182358177 2747827.79015514953 1987.71920147578
496617.46895781392 2747833.80200564582 1984.39061832532
496615.95704882604 2747835.15926645044 1983.97681156278
496610.28369459364 2747834.54002927616 1979.03787562887
496609.77502699709 2747834.14344098046 1979.03787562887
496598.93133792287 2747825.68903933046 1979.28037562887
496600.77593464666 2747823.32314353250 1979.36437562887
496602.00566579582 2747821.74587966688 1979.42037562887
496608.15432154184 2747813.85956034018 1979.70037562887
496614.30297728779 2747805.97324101441 1979.98037562887
496620.45163303375 2747798.08692168817 1980.26037562887
496626.60028877977 2747790.20060236147 1980.54037562887
496632.74894452572 2747782.31428303523 1980.82037562887
496638.89760027168 2747774.42796370899 1981.10037562887
496645.04625601770 2747766.54164438229 1981.38037562887
496651.19491176371 2747758.65532505605 1981.66037562887
496657.34356750973 2747750.76900572935 1981.94037562887
496663.49222325569 2747742.88268640311 1982.22037562887
496669.64087900164 2747734.99636707734 1982.50037562887
496675.78953474766 2747727.11004775064 1982.78037562887
496681.93819049362 2747719.22372842440 1983.06037562887
496688.08684623957 2747711.33740909770 1983.34037562887
496694.23550198559 2747703.45108977146 1983.62037562887
496700.38415773155 2747695.56477044523 1983.90037562887
496706.53281347756 2747687.67845111853 1984.18037562887
496712.68146922352 2747679.79213179229 1984.46037562887
496718.83012496948 2747671.90581246559 1984.74037562887
496724.97878071549 2747664.01949313981 1985.02037562887
496731.12743646145 2747656.13317381358 1985.30037562887
496737.27609220747 2747648.24685448688 1985.58037562887
496743.42474795342 2747640.36053516064 1985.86037562887
496749.57340369938 2747632.47421583440 1986.14037562887
496755.72205944540 2747624.58789650770 1986.42037562887
496761.87071519135 2747616.70157718146 1986.70037562887
496768.01937093731 2747608.81525785476 1986.98037562887
496774.16802668333 2747600.92893852852 1987.26037562887
496780.31668242929 2747593.04261920275 1987.54037562887
496786.46533817530 2747585.15629987605 1987.82037562887
496792.61399392126 2747577.26998054981 1988.10037562887
496798.76264966722 2747569.38366122311 1988.38037562887
496804.91130541323 2747561.49734189687 1988.66037562887
496811.05996115925 2747553.61102257064 1988.94037562887
496817.20861690521 2747545.72470324393 1989.22037562886
496823.35727265122 2747537.83838391770 1989.50037562887
496829.50592839718 2747529.95206459146 1989.78037562887
496835.65458414319 2747522.06574526522 1990.06037562887
496841.80323988915 2747514.17942593899 1990.34037562887
496847.95189563511 2747506.29310661228 1990.62037562887
496854.10055138113 2747498.40678728605 1990.90037562887
496860.24920712708 2747490.52046795981 1991.18037562887
496866.39786287304 2747482.63414863311 1991.46037562886
496872.54651861906 2747474.74782930687 1991.74037562887
496878.69517436501 2747466.86150998017 1992.02037562887
496884.84383011103 2747458.97519065393 1992.30037562887
496890.99248585699 2747451.08887132816 1992.58037562887
496897.14114160294 2747443.20255200146 1992.86037562887
496903.28979734896 2747435.31623267522 1993.14037562887
496909.43845309492 2747427.42991334898 1993.42037562887
496915.58710884093 2747419.54359402228 1993.70037562887
496921.73576458689 2747411.65727469604 1993.98037562887
496927.88442033285 2747403.77095536934 1994.26037562886
496934.03307607886 2747395.88463604311 1994.54037562887
496940.18173182482 2747387.99831671687 1994.82037562887
496946.33038757078 2747380.11199739063 1995.10036868352
496952.47904331679 2747372.22567806439 1995.36870198090
496958.62769906275 2747364.33935873769 1995.61481305605
496964.77635480877 2747356.45303941146 1995.83870190898
496970.92501055478 2747348.56672008522 1996.04036853969
496977.07366630074 2747340.68040075852 1996.21981294817
496983.22232204676 2747332.79408143228 1996.37703513444
496989.37097779271 2747324.90776210558 1996.51203509848
496995.51963353867 2747317.02144277934 1996.62481284030
497001.66828928469 2747309.13512345357 1996.71536835990
497007.81694503065 2747301.24880412687 1996.78370165727
497013.96560077666 2747293.36248480063 1996.82981273243
497020.11425652262 2747285.47616547439 1996.85370158536
497026.26291226858 2747277.58984614769 1996.85536821606
497032.41156801459 2747269.70352682145 1996.83481262455
497038.56022376055 2747261.81720749475 1996.79203481081
497044.70887950656 2747253.93088816851 1996.72703481081
497050.85753525252 2747246.04456884228 1996.63981262455
497057.00619099848 2747238.15824951604 1996.53036821606
497063.15484674450 2747230.27193018980 1996.39870158536
497069.30350249045 2747222.38561086310 1996.24481273243
497075.45215823641 2747214.49929153686 1996.06870165727
497081.60081398243 2747206.61297221063 1995.87036835990
497083.13797791890 2747204.64139237907 1995.81731281333
497084.67514185543 2747202.66981254751 1995.76286837788
497095.51883092965 2747211.12421419751 1995.52036837788
