497456.45019702590 2746744.85112336976 1972.15837562887
497456.45019702590 2746744.85112336976 1972.15837562887
497454.13540838967 2746748.74422905641 1972.00000000000
497448.57123881800 2746757.07599009341 1972.00000000000
497442.64618773275 2746765.13327774871 1972.30226633154
497436.67963855446 2746773.15900346031 1972.63929054308
497430.79533701547 2746781.24728374183 1972.90742596076
497424.89890684607 2746789.32633942692 1973.18572004955
497419.00248310628 2746797.40540000191 1973.46400875307
497413.10606112756 2746805.48446191614 1973.74229598152
497407.23416955653 2746813.58226692211 1974.00000000000
497401.40159487486 2746821.71230537212 1974.22348483533
497395.27425376989 2746829.62141479226 1974.69114702558
497389.17095975706 2746837.55205802107 1975.13482522135
497383.07888836716 2746845.49447804550 1975.56412496848
497377.12235170649 2746853.54371371772 1975.87358840376
497371.37504894828 2746861.75668933103 1976.00000000000
497365.76930376369 2746870.08021080680 1976.00000000000
497359.56861108245 2746877.94780397462 1976.49295845216
497353.19447890890 2746885.68144048983 1977.12526986963
497346.82821404230 2746893.42031397298 1977.74455084053
497340.63038775889 2746901.28874018136 1978.21542186573
497334.53078747069 2746909.23289461760 1978.59687168028
497328.45311665459 2746917.19150112197 1978.95458144326
497322.03424978367 2746924.88145187916 1979.59660414197
497315.44484401966 2746932.43474296480 1980.38024745695
497309.07800617820 2746940.15766128479 1980.97442124053
497302.70484942838 2746947.87232397450 1981.57351664793
497296.36598699377 2746955.61085030576 1982.14413593241
497290.32948125555 2746963.58460862143 1982.45933039800
497284.42478999781 2746971.66113754874 1982.66309605041
497278.55132668372 2746979.76201368636 1982.84046329272
497272.68237056490 2746987.86640390847 1983.01402039666
497266.81430177228 2746995.97148594446 1983.18682740309
497260.91481943685 2747004.05207606545 1983.38618971506
497254.91655487008 2747012.05564953154 1983.66905716818
497248.91838167311 2747020.05929423496 1983.95184738224
497243.19777252770 2747028.27934480878 1984.00000000000
497236.87551255187 2747036.03031168506 1984.55675560101
497230.10491489654 2747043.43172714999 1985.49251156190
497224.19401931413 2747051.50341880741 1985.70152201382
497218.17537649965 2747059.49110414833 1986.00161613242
497211.62991295516 2747067.06804790255 1986.74705592552
497205.11698711372 2747074.67036003619 1987.46499010907
497198.65745208086 2747082.31429890124 1988.13779059855
497192.46840957069 2747090.16913024196 1988.58193137876
497186.34000460117 2747098.07123830961 1988.97481247055
497179.95859649952 2747105.77608969761 1989.58156868937
497173.79996695236 2747113.65463284031 1990.00000000000
497168.13631984493 2747121.91909449454 1990.00000000000
497162.47267273761 2747130.18355614925 1990.00000000000
497156.30641870585 2747138.05615477869 1990.42487663642
497149.54386968218 2747145.46384544764 1991.35382177526
497142.87300603220 2747152.94301962852 1992.19360131421
497136.43377446412 2747160.60278831376 1992.81534943078
497130.06797731557 2747168.31981095346 1993.35279784941
497123.69994754693 2747176.03509290656 1993.86991138175
497117.44737567514 2747183.84039288061 1994.26720084738
497111.20803586318 2747191.65600937605 1994.63108242504
497104.92313883780 2747199.43610668788 1995.01125337807
497098.60977115663 2747207.19400653942 1995.39326965717
497095.51883092965 2747211.12421419751 1995.52036837788
497095.51883092965 2747211.12421419751 1995.52036837788
497084.67514185543 2747202.66981254751 1995.76286837788
497087.74946972838 2747198.72665288392 1995.64981284030
497093.89812547440 2747190.84033355769 1995.40703509848
497100.04678122036 2747182.95401423145 1995.14203513444
497106.19543696631 2747175.06769490475 1994.85481294817
497112.34409271233 2747167.18137557898 1994.54536853969
497118.49274845829 2747159.29505625227 1994.21370190898
497124.64140420425 2747151.40873692604 1993.85981305605
497130.79005995026 2747143.52241759980 1993.48370198090
497136.93871569628 2747135.63609827310 1993.08536868352
497143.08737144229 2747127.74977894686 1992.67537562887
497149.23602718825 2747119.86345962016 1992.26537562887
497155.38468293421 2747111.97714029392 1991.85537562887
497161.53333868022 2747104.09082096769 1991.44537562887
497167.68199442618 2747096.20450164145 1991.03537562887
497173.83065017214 2747088.31818231521 1990.62537562887
497179.97930591815 2747080.43186298851 1990.21537562887
497186.12796166411 2747072.54554366227 1989.80537562887
497192.27661741013 2747064.65922433604 1989.39537562887
497198.42527315608 2747056.77290500933 1988.98537562887
497204.57392890204 2747048.88658568310 1988.57537562887
497210.72258464806 2747041.00026635686 1988.16537562887
497216.87124039402 2747033.11394703016 1987.75537562887
497223.01989614003 2747025.22762770439 1987.34537562887
497229.16855188599 2747017.34130837768 1986.93537562887
497235.31720763195 2747009.45498905145 1986.52537562887
497241.46586337796 2747001.56866972521 1986.11537562887
497247.61451912392 2746993.68235039851 1985.70537562887
497253.76317486988 2746985.79603107227 1985.29537562887
497259.91183061589 2746977.90971174557 1984.88537562887
497266.06048636185 2746970.02339241933 1984.47537562887
497272.20914210787 2746962.13707309309 1984.06537562887
497278.35779785382 2746954.25075376686 1983.65537562887
497284.50645359978 2746946.36443444062 1983.24537562887
497290.65505042300 2746938.47810444701 1982.83537562887
497296.80276719958 2746930.59128443385 1982.42537562887
497302.94826920098 2746922.70295435004 1982.01537562887
497309.09021291899 2746914.81206921861 1981.60537562887
497315.22725354560 2746906.91758588143 1981.19537562887
497321.35804443253 2746899.01846368331 1980.78537562887
497327.48131591006 2746891.11368281813 1980.37537562887
497333.59660347522 2746883.20273796376 1979.96537562887
497339.70389706863 2746875.28562008776 1979.55537562887
497345.80319045903 2746867.36233726842 1979.14537562887
497351.89447742322 2746859.43289758964 1978.73537562887
497357.97775174619 2746851.49730914179 1978.32537562887
497364.05311140168 2746843.55560661154 1977.91537562887
497370.12150271278 2746835.60837326013 1977.50537562887
497376.18427293445 2746827.65663668653 1977.09537562887
497382.24277296162 2746819.70143206511 1976.68537562887
497388.29835546290 2746811.74379239418 1976.27537562887
497394.35237434955 2746803.78474918148 1975.86537562887
497400.40605074004 2746795.82529493747 1975.45537562887
497406.45972709806 2746787.86583499657 1975.04537562887
497412.51340345608 2746779.90637505567 1974.63537562887
497418.56707981409 2746771.94691511476 1974.22537562887
497424.62075617211 2746763.98745517386 1973.81537562887
497430.67443253018 2746756.02799523249 1973.40537562887
497436.72810888820 2746748.06853529159 1972.99537562887
497442.78178524622 2746740.10907535069 1972.58537562887
497445.50593960728 2746736.52731837705 1972.40087562887
497456.45019702590 2746744.85112336976 1972.15837562887
