496607.31556469866 2747837.29796871077 1978.92587562887
496607.82423229521 2747837.69455700647 1978.92587562887
496607.97130875033 2747839.07724543661 1979.86403233400
496602.83278314944 2747847.75112385955 1980.86489619867
496595.57247922936 2747854.77073444007 1979.17530557970
496594.91205522872 2747854.25582759222 1978.33787562887
496594.40338763216 2747853.85923929652 1978.33787562887
496583.55969855789 2747845.40483764606 1978.58037562887
496589.70835430385 2747837.51851831982 1978.86037562887
496595.85701004986 2747829.63219899312 1979.14037562887
496596.47187562444 2747828.84356706077 1979.16837562887
496607.31556469866 2747837.29796871077 1978.92587562887
