497112.60808390973 2747147.73291012226 1993.77931303987
497112.60808390973 2747147.73291012226 1993.77931303987
497115.12754253327 2747143.99114986137 1993.40814369004
497121.06443496415 2747135.93972693337 1992.85301939262
497127.09079903207 2747127.95806155307 1992.35130734278
497133.04168203985 2747119.91754653305 1991.77412794088
497138.67516462808 2747111.62956677796 1990.92862849225
497144.53512632701 2747103.51816395763 1990.27458220141
497150.84409490210 2747095.75683429465 1990.00010197302
497157.32064290933 2747088.12615978206 1989.86728430840
497163.95836270868 2747080.62114463281 1989.87071253613
497167.63855283626 2747077.15035215113 1990.17787562887
497167.63855283626 2747077.15035215113 1990.17787562887
497178.48224191047 2747085.60475380113 1990.42037562887
497175.40791403747 2747089.54791346472 1990.62537562887
497169.25925829151 2747097.43423279095 1991.03537562887
497163.11060254555 2747105.32055211766 1991.44537562887
497156.96194679954 2747113.20687144343 1991.85537562887
497150.81329105358 2747121.09319076966 1992.26537562887
497144.66463530762 2747128.97951009637 1992.67537562887
497138.51597956161 2747136.86582942260 1993.08536868352
497132.36732381559 2747144.75214874931 1993.48370198090
497126.21866806957 2747152.63846807554 1993.85981305605
497123.45177298394 2747156.18731177272 1994.02181303987
497112.60808390973 2747147.73291012226 1993.77931303987
