497668.63155337452 2746465.87205243763 1966.67987562887
497669.14493854070 2746466.26251456281 1966.67987562887
497666.86196465755 2746470.80800071964 1967.63944192026
497661.05547575903 2746478.95546247158 1968.00000000000
497654.96200210130 2746486.88465403067 1968.00000000000
497648.86852844356 2746494.81384558976 1968.00000000000
497642.77505478589 2746502.74303714884 1968.00000000000
497636.68158112816 2746510.67222870840 1968.00000000000
497630.58810747042 2746518.60142026702 1968.00000000000
497624.49463381269 2746526.53061182611 1968.00000000000
497618.40116015502 2746534.45980338566 1968.00000000000
497612.30768649728 2746542.38899494475 1968.00000000000
497606.21421283955 2746550.31818650384 1968.00000000000
497600.55701482837 2746558.57919348637 1968.54812217144
497594.96019479103 2746566.88612176431 1969.17210121532
497589.35222443077 2746575.18456951110 1969.78207136542
497583.63601389399 2746583.40069370857 1970.25605216777
497577.87929363485 2746591.58600768028 1970.67913790612
497572.12334937585 2746599.77191185020 1971.10319858518
497566.36813897744 2746607.95837416826 1971.52818126219
497560.61499468767 2746616.14640789293 1971.95575972917
497554.55620326562 2746624.10197750153 1972.00000000000
497548.61937172525 2746632.15030537080 1972.22013326514
497542.75961568538 2746640.25725406781 1972.57043495185
497536.49445502990 2746648.05586672761 1972.44473313424
497529.94384627609 2746655.63737792335 1971.99373717959
497523.21770142519 2746663.08538273443 1971.35553686047
497516.85111239733 2746670.80685265502 1971.20240381856
497510.58606644184 2746678.60555255134 1971.21017943932
497504.41560929170 2746686.47619326040 1971.37012661366
497498.21260266920 2746694.32207802217 1971.52251304987
497491.98221488611 2746702.14713766612 1971.67383204247
497485.74310972338 2746709.96556718834 1971.84486547672
497479.48250602221 2746717.76764570223 1971.99488886443
497473.10655999451 2746725.48199902847 1972.00000000000
497466.66575864033 2746733.14702574722 1971.92362906646
497460.34653156326 2746740.90451744897 1972.00000000000
497459.70853014174 2746741.67564337002 1972.00000000000
497458.32565937261 2746743.45070700813 1972.06612562887
497456.45019702590 2746744.85112336976 1972.15837562887
497456.45019702590 2746744.85112336976 1972.15837562887
497445.50593960728 2746736.52731837705 1972.40087562887
497446.86801678786 2746734.73643989069 1972.30862562887
497448.23009396845 2746732.94556140341 1972.21637562887
497448.83546160423 2746732.14961540932 1972.17537562887
497454.88913796225 2746724.19015546842 1971.76537562887
497460.94281432027 2746716.23069552798 1971.35537562887
497466.99649067828 2746708.27123558661 1970.94537562887
497473.05016703630 2746700.31177564571 1970.53537562887
497479.10384339432 2746692.35231570480 1970.13137562890
497485.15751975233 2746684.39285576344 1969.75804229563
497491.21119611035 2746676.43339582253 1969.41804229569
497497.26487246837 2746668.47393588163 1969.11137562908
497503.31854882644 2746660.51447594026 1968.83804229581
497509.37222518446 2746652.55501599936 1968.59804229584
497515.42590154248 2746644.59555605892 1968.39137562912
497521.47957790049 2746636.63609611802 1968.21804229572
497527.53325425851 2746628.67663617665 1968.07804229566
497533.58693061653 2746620.71717623575 1967.97137562894
497539.64060697454 2746612.75771629484 1967.89804229554
497545.69428333256 2746604.79825635348 1967.84737562887
497551.74795969058 2746596.83879641257 1967.79737562887
497557.80163604859 2746588.87933647167 1967.74737562887
497563.85531240661 2746580.91987653030 1967.69737562887
497569.90898876468 2746572.96041658986 1967.64737562887
497575.96266512270 2746565.00095664896 1967.59737562887
497582.01634148072 2746557.04149670759 1967.54737562887
497588.07001783873 2746549.08203676669 1967.49737562887
497594.12369419675 2746541.12257682579 1967.44737562887
497600.17737055477 2746533.16311688442 1967.39737562887
497606.23104691278 2746525.20365694351 1967.34737562887
497612.28472327080 2746517.24419700261 1967.29737562887
497618.33839962882 2746509.28473706171 1967.24737562887
497624.39207598683 2746501.32527712081 1967.19737562887
497630.44575234485 2746493.36581717990 1967.14737562887
497636.49942870287 2746485.40635723900 1967.09737562887
497642.55310506094 2746477.44689729763 1967.04737562887
497648.60678141896 2746469.48743735673 1966.99737562887
497654.66045777698 2746461.52797741583 1966.94737562887
497657.68729595596 2746457.54824744491 1966.92237562887
497668.63155337452 2746465.87205243763 1966.67987562887
