498007.33474560588 2746020.54026873875 1973.09237445861
498007.84813077206 2746020.93073086394 1973.09237445861
498005.55581809697 2746024.84093095129 1973.74107109318
498002.25185702654 2746028.60989130801 1973.50556440566
498001.34042868717 2746029.48715030076 1973.33847813441
498000.07033397624 2746030.09162066784 1973.36542817423
498000.07033397624 2746030.09162066784 1973.36542817423
497989.12607655762 2746021.76781567559 1973.60792817423
497989.88278610236 2746020.77288318286 1973.58097813441
497990.63949564716 2746019.77795069013 1973.55368087236
497993.66633382620 2746015.79822072014 1973.44101960197
497996.39048818726 2746012.21646374650 1973.33487445861
498007.33474560588 2746020.54026873875 1973.09237445861
