498013.69110578176 2746012.18283580104 1972.82720245744
498013.69110578176 2746012.18283580104 1972.82720245744
498011.48254731129 2746016.78491962003 1972.95653039450
498010.38767359470 2746017.20856505446 1972.98172931525
498007.84813077206 2746020.93073086394 1973.09237445861
498007.33474560588 2746020.54026873875 1973.09237445861
497996.39048818726 2746012.21646374650 1973.33487445861
497999.11464254837 2746008.63470677286 1973.22422931525
497999.72001018422 2746007.83876077924 1973.19903039450
498002.74684836320 2746003.85903080832 1973.06970245744
498013.69110578176 2746012.18283580104 1972.82720245744
