498025.49577467993 2745996.66188891605 1972.30224850452
498025.49577467993 2745996.66188891605 1972.30224850452
498023.27729136375 2746000.62824093411 1972.00000000000
498017.54541681759 2746008.83245165413 1972.00000000000
498013.69110578176 2746012.18283580104 1972.82720245744
498013.69110578176 2746012.18283580104 1972.82720245744
498002.74684836320 2746003.85903080832 1973.06970245744
498005.77368654223 2745999.87930083787 1972.93557286590
498011.82736290025 2745991.91984089697 1972.66603882357
498014.55151726131 2745988.33808392379 1972.54474850452
498025.49577467993 2745996.66188891605 1972.30224850452
