498242.99702037044 2745710.68815166829 1962.61821744321
498243.51040553662 2745711.07861379348 1962.61821744321
498245.13161304762 2745712.31164538767 1964.65504848835
498242.87609111099 2745715.35512510035 1964.80429481293
498237.23145431053 2745723.62568568392 1965.58773251285
498231.89022545615 2745732.12700733915 1966.75236183674
498226.62243099761 2745740.68418053072 1968.00925168625
498223.29602846521 2745750.71790596331 1971.70524160110
498220.90392301715 2745761.46222384833 1974.57505121138
498216.63405300374 2745770.77838215511 1977.08570005030
498212.63711583667 2745780.30212328024 1979.93925261431
498208.52036222327 2745789.73473636387 1982.64227179135
498204.02336388885 2745798.87814911315 1984.86756418311
498200.75191671791 2745808.95367159788 1986.63259818117
498195.04934582562 2745817.18016961403 1987.34324942035
498188.76557083457 2745824.96462488547 1987.32369521461
498181.96988187090 2745832.35973696830 1986.66098936731
498173.68176637916 2745838.61976359878 1986.12324860660
498170.16621899669 2745848.50963232247 1987.58160324039
498165.00081987056 2745857.14468368748 1988.96713917041
498159.87833489955 2745865.81237400183 1990.40659101354
498154.77303332818 2745874.49313338613 1991.86763150699
498149.58254759584 2745883.10910478933 1993.22164946165
498143.54638207721 2745891.08188283956 1993.51318353858
498136.58450815181 2745898.35060067195 1992.64168844805
498129.17811117892 2745905.28123040684 1991.21170942677
498121.62048201275 2745912.09683842538 1989.59172732188
498111.26559537562 2745916.78495393181 1986.45736422657
498102.29919091699 2745922.52909859130 1983.06744383072
498094.97228742240 2745929.52018818120 1981.73733776418
498088.54608616524 2745937.19631920429 1981.53884394797
498079.36438788968 2745942.77671919996 1979.87843558109
498072.48945897579 2745950.11156425253 1979.11617530324
498065.25282018958 2745957.17130590416 1977.89947480583
498058.43419481593 2745964.54897338571 1977.20795241798
498051.59908851195 2745971.91410607006 1976.49572393908
498044.93630812922 2745979.41030359641 1976.00000000000
498038.48216814914 2745987.06518544070 1975.76640490411
498029.65349961590 2745992.91408704594 1972.54953133103
498028.82447987073 2745993.53993136249 1972.29549568449
498027.37123702664 2745995.26147255441 1972.24160334500
498025.49577467993 2745996.66188891605 1972.30224850452
498025.49577467993 2745996.66188891605 1972.30224850452
498014.55151726131 2745988.33808392379 1972.54474850452
498015.91359444190 2745986.54720543651 1972.48410334500
498017.27567162242 2745984.75632695016 1972.42345818547
498017.88103925827 2745983.96038095606 1972.39650478124
498023.93471561628 2745976.00092101470 1972.12697073891
498029.98839197430 2745968.04146107379 1971.85743669658
498036.04206833232 2745960.08200113289 1971.58790265425
498042.09574469033 2745952.12254119152 1971.31836861192
498048.14942104835 2745944.16308125108 1971.04883456960
498054.20309740637 2745936.20362131018 1970.77930052727
498060.25677376438 2745928.24416136881 1970.50976648494
498066.31045012246 2745920.28470142791 1970.24023244261
498072.36412648048 2745912.32524148701 1969.97069840028
498078.41780283849 2745904.36578154610 1969.70116435795
498084.47147919651 2745896.40632160474 1969.43163031562
498090.52515555453 2745888.44686166383 1969.16209627330
498096.57883191254 2745880.48740172293 1968.89256223097
498102.63250827056 2745872.52794178203 1968.62302818864
498108.68618462858 2745864.56848184112 1968.35349414631
498114.73986098659 2745856.60902190022 1968.08396010398
498120.79353734461 2745848.64956195885 1967.81442606165
498126.84721370263 2745840.69010201795 1967.54489201932
498132.90089006070 2745832.73064207705 1967.27535797700
498138.95456641872 2745824.77118213568 1967.00582393467
498145.00824277673 2745816.81172219478 1966.73628989234
498151.06191913475 2745808.85226225387 1966.46675585001
498157.11559549277 2745800.89280231297 1966.19722180768
498163.16927185078 2745792.93334237207 1965.92768776535
498169.22294820880 2745784.97388243116 1965.65815372302
498175.27662456682 2745777.01442248980 1965.38861968070
498181.33030092483 2745769.05496254889 1965.11908563837
498187.38397728285 2745761.09550260799 1964.84955159604
498193.43765364087 2745753.13604266709 1964.58001755371
498199.49132999888 2745745.17658272572 1964.31048351138
498205.54500635696 2745737.21712278528 1964.04094946905
498211.59868271498 2745729.25766284438 1963.77141542672
498217.65235907299 2745721.29820290301 1963.50188138440
498223.70603543101 2745713.33874296211 1963.23234734207
498229.75971178903 2745705.37928302120 1962.96281329974
498232.05276266875 2745702.36434704810 1962.86071744321
498242.99702037044 2745710.68815166829 1962.61821744321
