497714.92537046381 2746362.88111837301 1966.54654247503
497714.92537046381 2746362.88111837301 1966.54654247503
497715.92540438718 2746360.50079126237 1966.57675081733
497717.38614912285 2746358.47086407570 1966.67522078712
497722.07124515501 2746349.47051160876 1968.54465942674
497726.96795146051 2746340.63110223599 1970.18157131013
497732.41232789512 2746332.20823088661 1971.16374204287
497737.79563432792 2746323.73891190952 1972.25597242236
497743.25040842063 2746315.32394864177 1973.29174655095
497748.67315695627 2746306.88462789729 1974.39292321305
497753.98543806601 2746298.36128963763 1975.63438747542
497759.77023385133 2746290.19732889161 1976.28220005903
497765.69285501965 2746282.13819313049 1976.75685342838
497771.62560139433 2746274.08675823268 1977.21878582610
497777.51587736997 2746266.00302189123 1977.73407661668
497783.24142068578 2746257.79399586702 1978.45633202675
497788.90780066559 2746249.53997235652 1979.25291827903
497794.63896041055 2746241.33521798486 1979.96811739482
497800.59299566754 2746233.29997463897 1980.40330315085
497806.64173708757 2746225.33676136285 1980.71950324237
497812.75324600475 2746217.42128676735 1980.95684434391
497818.91510445561 2746209.54410620080 1981.13092797067
497825.09562421613 2746201.68111874769 1981.28156615032
497831.32280166069 2746193.85361743625 1981.37230436992
497837.65997968538 2746186.10977857374 1981.30746638549
497844.02458330878 2746178.38679862674 1981.18594957133
497850.46643178858 2746170.72256831313 1980.94516267369
497856.92169820709 2746163.06854319759 1980.66529570311
497863.35983699874 2746155.40149143012 1980.38472508962
497869.79927764874 2746147.73542980850 1980.08029664237
497876.49945545173 2746140.26767540397 1979.42606451016
497883.23660676111 2746132.82804170577 1978.70315787544
497889.96269806765 2746125.37999617029 1977.97192443724
497896.83769654704 2746118.04520402662 1977.03138677126
497903.68918412260 2746110.69253034284 1976.09816519856
497910.67166188092 2746103.43948303722 1974.97814970681
497912.06451838708 2746102.61428917432 1974.37417508325
497913.48595500697 2746101.81083230861 1974.37879335802
497913.48595500697 2746101.81083230861 1974.37879335802
497924.43021242559 2746110.13463730086 1974.62129335802
497923.52216097183 2746111.32855629176 1974.61667508325
497922.61410951818 2746112.52247528313 1974.61155680848
497916.56043316016 2746120.48193522403 1974.56465719890
497910.50675680215 2746128.44139516540 1974.49553536710
497904.45308044413 2746136.40085510630 1974.40419131307
497898.39940408606 2746144.36031504720 1974.29062503683
497892.34572772804 2746152.31977498857 1974.15483653836
497886.29205137002 2746160.27923492901 1973.99682581767
497880.23837501201 2746168.23869486991 1973.81659287476
497874.18469865399 2746176.19815481128 1973.61413770963
497868.13102229597 2746184.15761475218 1973.38946032227
497862.07734593796 2746192.11707469309 1973.14256071269
497856.02366957994 2746200.07653463399 1972.87343888089
497849.96999322192 2746208.03599457536 1972.58209482687
497843.91631686391 2746215.99545451626 1972.27337562887
497837.86264050589 2746223.95491445716 1971.96337562887
497831.80896414781 2746231.91437439807 1971.65337562887
497825.75528778980 2746239.87383433897 1971.34337562887
497819.70161143178 2746247.83329427987 1971.03337562887
497813.64793507376 2746255.79275422124 1970.72337562887
497807.59425871575 2746263.75221416214 1970.41337562887
497801.54058235773 2746271.71167410305 1970.10337562887
497795.48690599971 2746279.67113404442 1969.79337562887
497789.43322964170 2746287.63059398532 1969.48337562887
497783.37955328368 2746295.59005392622 1969.17337562887
497777.32587692566 2746303.54951386712 1968.86337562887
497771.27220056765 2746311.50897380803 1968.55337562887
497765.21852420963 2746319.46843374893 1968.24337562887
497759.16484785156 2746327.42789369030 1967.93487563963
497753.11117149354 2746335.38735363120 1967.65154234220
497747.05749513552 2746343.34681357211 1967.40154237810
497741.00381877751 2746351.30627351301 1967.18487574733
497734.95014241949 2746359.26573345438 1967.00154244990
497728.89646606147 2746367.22519339528 1966.85154248580
497727.38304697198 2746369.21505838027 1966.81925081733
497725.86962788244 2746371.20492336527 1966.78904247503
497714.92537046381 2746362.88111837301 1966.54654247503
