497913.48595500697 2746101.81083230861 1974.37879335802
497913.48595500697 2746101.81083230861 1974.37879335802
497915.17370858078 2746099.32537648082 1974.27902735963
497917.14841314760 2746095.80179851735 1973.91203042154
497922.59352324274 2746087.37948516384 1973.40476408830
497928.10157138028 2746079.00504020089 1972.92799103769
497933.74170077988 2746070.73105145199 1972.53962409312
497939.38446886791 2746062.45906959428 1972.13124503304
497944.42506017647 2746053.72909393208 1971.19627386979
497949.31044199126 2746044.88107156241 1970.10908046348
497955.39014295716 2746036.94140499365 1970.00000000000
497961.62660869304 2746029.12096801959 1970.00000000000
497967.88960596209 2746021.32070996659 1970.00000000000
497974.17913476424 2746013.54063083464 1970.00000000000
497980.49519509956 2746005.78073062468 1970.00000000000
497986.88811551157 2745998.07928739861 1970.04215406900
497993.94512202014 2745990.88292395649 1970.61906356533
498001.54380504019 2745984.09854000993 1971.64359274968
498003.98841655935 2745982.81690619048 1972.35615531298
498003.98841655935 2745982.81690619048 1972.35615531298
498014.93267397798 2745991.14071118319 1972.59865531298
498013.41925488849 2745993.13057616819 1972.66603882357
498007.36557853047 2746001.09003610956 1972.93557286590
498001.31190217246 2746009.04949605046 1973.19903039450
497995.25822581444 2746017.00895599136 1973.44101960197
497989.20454945642 2746024.96841593226 1973.66078658721
497983.15087309841 2746032.92787587317 1973.85833135022
497977.09719674039 2746040.88733581407 1974.03365389102
497971.04352038231 2746048.84679575497 1974.18675420959
497964.98984402430 2746056.80625569634 1974.31763230595
497958.93616766628 2746064.76571563724 1974.42628818007
497952.88249130826 2746072.72517557815 1974.51272183198
497946.82881495025 2746080.68463551952 1974.57693326167
497940.77513859223 2746088.64409546042 1974.61892246913
497934.72146223421 2746096.60355540086 1974.63868945437
497928.66778587620 2746104.56301534222 1974.63623421739
497926.24631533294 2746107.74679931859 1974.62902990756
497924.43021242559 2746110.13463730086 1974.62129335802
497913.48595500697 2746101.81083230861 1974.37879335802
