498003.98841655935 2745982.81690619048 1972.35615531298
498003.98841655935 2745982.81690619048 1972.35615531298
498004.23174093792 2745981.43151157256 1972.32246355769
498004.78775456751 2745980.28393705050 1972.54091945644
498006.81518554856 2745975.54409423703 1973.66177430596
498012.06043351279 2745966.96977300011 1974.40792273435
498017.65806298458 2745958.66346034873 1974.71135078941
498023.21031032462 2745950.32263169438 1975.07179544131
498028.76964051364 2745941.98718999885 1975.42334143790
498034.33134276740 2745933.65355240973 1975.77190725149
498039.16124954622 2745924.76333774114 1977.03987649242
498044.23618490330 2745916.05948291626 1978.00000000000
498049.83930296736 2745907.75734468875 1978.29653237084
498055.19842980284 2745899.26963558793 1978.89960718352
498057.79081761942 2745888.67764520319 1980.97872062129
498061.14670946397 2745878.66634827200 1984.09859306331
498063.97503800120 2745868.25380583573 1987.88127844899
498066.89218714734 2745857.90881713107 1989.55237258396
498071.55934653268 2745848.89482270228 1991.02481222201
498075.97286334721 2745839.68791693868 1992.81591992630
498080.08209283813 2745830.24958128016 1994.98932407527
498085.69264447998 2745821.95309676230 1995.27651714690
498093.69903382752 2745815.47879945161 1992.55365963277
498101.29422585433 2745808.69176038168 1990.34741671790
498112.88112741843 2745804.94067071518 1985.12612307473
498122.07717862469 2745799.37118703779 1980.90861407982
498134.27063226560 2745796.08141886676 1974.92526863747
498142.91835070745 2745790.09489318961 1971.39666663937
498150.60429515084 2745783.37687711464 1969.07640541523
498156.95527340064 2745775.64353420213 1968.43335119184
498162.02253516769 2745766.93384312326 1969.40311554204
498166.71507405629 2745757.93915142305 1970.84366921861
498172.40568294836 2745749.70355554437 1971.03028103125
498179.49463190383 2745742.53148636734 1969.46006502662
498186.86236605101 2745735.57145108981 1967.53959260541
498193.76721131720 2745728.25935932947 1966.20067833563
498200.64694919379 2745720.92817179905 1964.89330815275
498207.43450117990 2745713.52687102603 1963.70175724799
498208.69465993013 2745712.60075206542 1963.21895127805
498210.11609654996 2745711.79729519924 1963.17852117170
498210.11609654996 2745711.79729519924 1963.17852117170
498221.06035396858 2745720.12110019196 1963.42102117170
498220.15230251494 2745721.31501918333 1963.46145127805
498219.24425106123 2745722.50893817469 1963.50188138440
498213.19057470321 2745730.46839811560 1963.77141542672
498207.13689834520 2745738.42785805650 1964.04094946905
498201.08322198718 2745746.38731799740 1964.31048351138
498195.02954562916 2745754.34677793831 1964.58001755371
498188.97586927115 2745762.30623787921 1964.84955159604
498182.92219291307 2745770.26569782011 1965.11908563837
498176.86851655506 2745778.22515776148 1965.38861968070
498170.81484019704 2745786.18461770238 1965.65815372302
498164.76116383902 2745794.14407764329 1965.92768776535
498158.70748748101 2745802.10353758465 1966.19722180768
498152.65381112299 2745810.06299752509 1966.46675585001
498146.60013476497 2745818.02245746600 1966.73628989234
498140.54645840696 2745825.98191740736 1967.00582393467
498134.49278204894 2745833.94137734827 1967.27535797700
498128.43910569092 2745841.90083728917 1967.54489201932
498122.38542933291 2745849.86029723054 1967.81442606165
498116.33175297489 2745857.81975717144 1968.08396010398
498110.27807661681 2745865.77921711234 1968.35349414631
498104.22440025880 2745873.73867705371 1968.62302818864
498098.17072390078 2745881.69813699415 1968.89256223097
498092.11704754276 2745889.65759693505 1969.16209627330
498086.06337118475 2745897.61705687596 1969.43163031562
498080.00969482673 2745905.57651681732 1969.70116435795
498073.95601846871 2745913.53597675823 1969.97069840028
498067.90234211070 2745921.49543669913 1970.24023244261
498061.84866575268 2745929.45489664050 1970.50976648494
498055.79498939466 2745937.41435658140 1970.77930052727
498049.74131303665 2745945.37381652230 1971.04883456960
498043.68763667863 2745953.33327646321 1971.31836861192
498037.63396032056 2745961.29273640411 1971.58790265425
498031.58028396254 2745969.25219634501 1971.85743669658
498025.52660760452 2745977.21165628638 1972.12697073891
498019.47293124651 2745985.17111622728 1972.39650478124
498016.44609306747 2745989.15084619774 1972.53127180240
498015.68938352272 2745990.14577869046 1972.56496355769
498014.93267397798 2745991.14071118319 1972.59865531298
498003.98841655935 2745982.81690619048 1972.35615531298
