498210.11609654996 2745711.79729519924 1963.17852117170
498210.11609654996 2745711.79729519924 1963.17852117170
498211.86681017373 2745709.35972450161 1963.04289234896
498213.68476172164 2745705.71692588087 1962.42958464087
498217.95124640374 2745696.39819281315 1960.66313858917
498219.54565062927 2745692.85189096350 1959.97587159251
498222.70039752149 2745695.25127695454 1962.61821744321
498233.64465465705 2745703.57508231932 1962.86071744321
498231.35160377726 2745706.59001829242 1962.96281329974
498225.29792741925 2745714.54947823333 1963.23234734207
498222.87645687599 2745717.73326221015 1963.34016095900
498221.06035396858 2745720.12110019196 1963.42102117170
498210.11609654996 2745711.79729519924 1963.17852117170
