496594.27640452341 2747812.54962933483 1979.24787562887
496593.76773692685 2747812.15304103913 1979.24787562887
496595.67784492602 2747810.47223115480 1979.31787562887
496598.00319749571 2747805.94512464479 1979.45787562887
496598.99409431091 2747805.44966961164 1979.48587562887
496599.50276190747 2747805.84625790734 1979.48587562887
496610.34645098174 2747814.30065955780 1979.72837562887
496609.73158540716 2747815.08929149015 1979.70037562887
496606.65725753416 2747819.03245115327 1979.56037562887
496605.12009359768 2747821.00403098483 1979.49037562887
496594.27640452341 2747812.54962933483 1979.24787562887
