497171.63517907111 2747072.02424458927 1989.91137562887
497171.12651147455 2747071.62765629357 1989.91137562887
497172.01068868756 2747070.41498682089 1989.89821395665
497176.01620140055 2747064.66179837286 1989.98977624507
497181.72551590332 2747056.43294180697 1990.13686913605
497187.50836553168 2747048.26141771069 1990.19071811605
497193.39814328635 2747040.17326130625 1990.10898023758
497199.42043207010 2747032.18841858581 1989.85921590266
497205.49938677961 2747024.24775607791 1989.53759811700
497211.66372053983 2747016.37366028829 1989.10771810256
497217.91482456494 2747008.56721589109 1988.56781177376
497224.20089857676 2747000.78803622955 1987.98356284953
497230.28914116218 2746992.85461511742 1987.65016786404
497236.47056443052 2746984.99384335103 1987.19861803443
497242.62769653031 2746977.11413270747 1986.77786985968
497248.90655202651 2746969.32932505012 1986.20277414798
497251.67390174692 2746968.31687311828 1984.54037562887
497252.18256934348 2746968.71346141398 1984.54037562887
497263.02625841770 2746977.16786306398 1984.78287562887
497261.48909448122 2746979.13944289507 1984.88537562887
497255.34043873521 2746987.02576222178 1985.29537562887
497249.19178298925 2746994.91208154801 1985.70537562887
497243.04312724329 2747002.79840087472 1986.11537562887
497236.89447149727 2747010.68472020095 1986.52537562887
497230.74581575132 2747018.57103952719 1986.93537562887
497224.59716000536 2747026.45735885389 1987.34537562887
497218.44850425934 2747034.34367818013 1987.75537562887
497212.29984851339 2747042.22999750637 1988.16537562887
497206.15119276737 2747050.11631683260 1988.57537562887
497200.00253702141 2747058.00263615884 1988.98537562887
497193.85388127546 2747065.88895548554 1989.39537562887
497187.70522552944 2747073.77527481178 1989.80537562887
497183.40116650728 2747079.29569834052 1990.09237562887
497182.47886814538 2747080.47864623927 1990.15387562887
497171.63517907111 2747072.02424458927 1989.91137562887
