497255.25689721649 2746964.77030175040 1984.33537562887
497255.25689721649 2746964.77030175040 1984.33537562887
497256.44330762024 2746962.52525306260 1983.93636761445
497262.65228527063 2746954.68596437387 1983.57736048101
497268.72635469830 2746946.74149300251 1983.10430925247
497274.90688619291 2746938.88002595492 1982.72125528169
497281.03037379874 2746930.97454983136 1982.29020579430
497286.90804390825 2746922.88009834010 1981.65311703044
497293.10824821965 2746915.03997412603 1981.29163597750
497299.35901339771 2746907.24200653657 1980.97693369971
497305.57249154628 2746899.41771944519 1980.63588720165
497311.77663244260 2746891.58882859210 1980.29322454878
497317.79970181902 2746883.62182484707 1979.80501113978
497323.37427214079 2746875.30895610945 1978.94593474075
497328.83396064938 2746866.90926477965 1977.99758803396
497334.61932681344 2746858.76206129324 1977.33068923793
497340.40383485117 2746850.61516772956 1976.67018662470
497346.21842138999 2746842.49225095194 1976.04204686699
497352.22551239911 2746834.51641815947 1975.58207393596
497358.19891596510 2746826.51178972563 1975.09852241279
497364.18119764549 2746818.51069439994 1974.62590022611
497370.15818502329 2746810.50225467887 1974.15116563759
497376.27287207852 2746802.59520073514 1973.79294445845
497382.44818296330 2746794.73076839279 1973.48548870112
497388.68115075841 2746786.90776154259 1973.22569344233
497394.92721204070 2746779.09462259291 1972.97683077721
497401.18765464338 2746771.29242155422 1972.74001358627
497407.39251194923 2746763.44794435520 1972.45663938663
497413.59738989727 2746755.60348285548 1972.17328247645
497419.86693221511 2746747.80820272956 1971.94408700455
497425.75363555795 2746739.72174917301 1971.39423411975
497431.98584315681 2746731.89807361411 1971.13376791738
497438.21452150343 2746724.07171383454 1970.87034569184
497444.62878383434 2746716.38650249783 1970.76236448503
497451.17486567074 2746708.80154829286 1970.76479236500
497454.31460325100 2746705.53586883284 1970.92837562887
497454.31460325100 2746705.53586883284 1970.92837562887
497465.25886066962 2746713.85967382556 1971.17087562887
497462.53470630851 2746717.44143079920 1971.35537562887
497456.48102995049 2746725.40089073963 1971.76537562887
497450.42735359247 2746733.36035068100 1972.17537562887
497444.37367723446 2746741.31981062191 1972.58537562887
497438.32000087644 2746749.27927056281 1972.99537562887
497432.26632451842 2746757.23873050418 1973.40537562887
497426.21264816041 2746765.19819044508 1973.81537562887
497420.15897180239 2746773.15765038598 1974.22537562887
497414.10529544437 2746781.11711032689 1974.63537562887
497408.05161908630 2746789.07657026779 1975.04537562887
497401.99794272828 2746797.03603020869 1975.45537562887
497395.94426087104 2746804.99549164064 1975.86537562887
497389.89009145659 2746812.95473274216 1976.27537562887
497383.83415221638 2746820.91284119058 1976.68537562887
497377.77508899866 2746828.86878529564 1977.09537562887
497371.71154875815 2746836.82153177215 1977.50537562887
497365.64218008349 2746844.77004505089 1977.91537562887
497359.56564416614 2746852.71328515466 1978.32537562887
497353.48114077462 2746860.65047691297 1978.73537562887
497347.38862312312 2746868.58151866030 1979.14537562887
497341.28809742781 2746876.50640230486 1979.55537562887
497335.17956991307 2746884.42511976045 1979.96537562887
497329.06304681150 2746892.33766294736 1980.37537562887
497322.93855188048 2746900.24402323132 1980.78537562887
497316.80670237099 2746908.14450943470 1981.19537562887
497310.66881100606 2746916.04008716717 1981.60537562887
497304.52622499003 2746923.93179751607 1982.01537562887
497298.38028955623 2746931.82068396779 1982.42537562887
497292.23234849417 2746939.70779172145 1982.83537562887
497286.08371746511 2746947.59416559013 1983.24537562887
497279.93506171915 2746955.48048491636 1983.65537562887
497273.78640597319 2746963.36680424307 1984.06537562887
497267.63775022718 2746971.25312356884 1984.47537562887
497266.10058629076 2746973.22470340086 1984.57787562887
497255.25689721649 2746964.77030175040 1984.33537562887
