497454.31460325100 2746705.53586883284 1970.92837562887
497454.31460325100 2746705.53586883284 1970.92837562887
497455.16329526535 2746703.35452822084 1970.83612562887
497456.51834144944 2746701.55830221390 1970.75270913842
497457.09167967364 2746700.73799581174 1970.75194982287
497462.82240136585 2746692.53290827293 1970.74769929360
497468.60541303852 2746684.36759059504 1970.68375337690
497474.46761600836 2746676.26250294410 1970.55098082235
497480.35545983538 2746668.17691679904 1970.41932728342
497486.26889499318 2746660.11079449020 1970.28885498332
497492.23852264939 2746652.08741015708 1970.12111763576
497498.29899471119 2746644.13311878219 1969.87257974019
497504.45809025131 2746636.25383684505 1969.53346792911
497510.43731510150 2746628.23775178939 1969.45367298696
497516.31371310126 2746620.14346036315 1969.53639960361
497522.12581904087 2746612.00027072942 1969.73323395356
497527.93700788391 2746603.85638358444 1969.96455384631
497533.77782071847 2746595.73502737330 1970.18132181095
497539.80381584587 2746587.75451409305 1970.16609958587
497545.94382607652 2746579.86071656179 1970.00763258777
497552.15144190833 2746572.01833739784 1969.76422816721
497558.46654314949 2746564.25770773552 1969.38578266321
497564.71391849872 2746556.44556821696 1969.09242571104
497571.08674851450 2746548.72884496534 1968.64145170005
497577.46459720517 2746541.01593873510 1968.18417239333
497583.62506754225 2746533.13770241849 1968.00000000000
497589.63894660055 2746525.14797409577 1968.00000000000
497595.65282565885 2746517.15824577305 1968.00000000000
497601.66670471721 2746509.16851744987 1968.00000000000
497607.68058377551 2746501.17878912715 1968.00000000000
497613.69446283381 2746493.18906080490 1968.00000000000
497619.70834189211 2746485.19933248172 1968.00000000000
497625.72354421049 2746477.21061058249 1967.99833750019
497631.88940627471 2746469.33647501841 1967.80739112060
497638.23028065107 2746461.59544746671 1967.39656510921
497644.77644650452 2746454.01055716164 1966.72781773305
497644.94604908937 2746453.82545907050 1966.70362562886
497645.61077616451 2746454.01693469752 1966.70237562887
497645.61077616451 2746454.01693469752 1966.70237562887
497656.55503358314 2746462.34073969023 1966.94487562887
497656.40369167412 2746462.53972618841 1966.94612562887
497656.25234976521 2746462.73871268705 1966.94737562887
497650.19867340720 2746470.69817262795 1966.99737562887
497644.14499704918 2746478.65763256885 1967.04737562887
497638.09132069116 2746486.61709251022 1967.09737562887
497632.03764433315 2746494.57655245112 1967.14737562887
497625.98396797513 2746502.53601239203 1967.19737562887
497619.93029161706 2746510.49547233293 1967.24737562887
497613.87661525904 2746518.45493227383 1967.29737562887
497607.82293890102 2746526.41439221473 1967.34737562887
497601.76926254301 2746534.37385215610 1967.39737562887
497595.71558618499 2746542.33331209701 1967.44737562887
497589.66190982697 2746550.29277203791 1967.49737562887
497583.60823346896 2746558.25223197928 1967.54737562887
497577.55455711094 2746566.21169192018 1967.59737562887
497571.50088075292 2746574.17115186108 1967.64737562887
497565.44720439491 2746582.13061180199 1967.69737562887
497559.39352803689 2746590.09007174289 1967.74737562887
497553.33985167887 2746598.04953168379 1967.79737562887
497547.28617532080 2746606.00899162516 1967.84737562887
497541.23249896278 2746613.96845156606 1967.89804229554
497535.17882260476 2746621.92791150697 1967.97137562894
497529.12514624675 2746629.88737144787 1968.07804229566
497523.07146988873 2746637.84683138924 1968.21804229572
497517.01779353071 2746645.80629133014 1968.39137562912
497510.96411717270 2746653.76575127058 1968.59804229584
497504.91044081468 2746661.72521121195 1968.83804229581
497498.85676445666 2746669.68467115285 1969.11137562908
497492.80308809865 2746677.64413109375 1969.41804229569
497486.74941174063 2746685.60359103512 1969.75804229563
497480.69573538261 2746693.56305097602 1970.13137562890
497474.64205902454 2746701.52251091693 1970.53537562887
497468.58838266652 2746709.48197085829 1970.94537562887
497467.98301503074 2746710.27791685192 1970.98637562887
497466.62093785015 2746712.06879533874 1971.07862562887
497465.25886066962 2746713.85967382556 1971.17087562887
497454.31460325100 2746705.53586883284 1970.92837562887
