493019.04492187500 2743749.77972412109 1787.00000000000
493275.04492187500 2743749.77972412109 1787.00000000000
493531.04492187500 2743749.77972412109 1787.00000000000
493787.04492187500 2743749.77972412109 1787.00000000000
494043.04492187500 2743749.77972412109 1787.00000000000
494299.04492187500 2743749.77972412109 1787.00000000000
494555.04492187500 2743749.77972412109 1787.00000000000
494811.04492187500 2743749.77972412109 1787.00000000000
495067.04492187500 2743749.77972412109 1787.00000000000
495323.04492187500 2743749.77972412109 1787.00000000000
495579.04492187500 2743749.77972412109 1787.00000000000
495835.04492187500 2743749.77972412109 1787.00000000000
496091.04492187500 2743749.77972412109 1787.00000000000
496347.04492187500 2743749.77972412109 1787.00000000000
496603.04492187500 2743749.77972412109 1787.00000000000
496859.04492187500 2743749.77972412109 1787.00000000000
497115.04492187500 2743749.77972412109 1787.00000000000
497371.04492187500 2743749.77972412109 1787.00000000000
497627.04492187500 2743749.77972412109 1787.00000000000
497883.04492187500 2743749.77972412109 2015.57751464844
498139.04492187500 2743749.77972412109 2000.96716308594
498395.04492187500 2743749.77972412109 1787.00000000000
498651.04492187500 2743749.77972412109 1787.00000000000
498907.04492187500 2743749.77972412109 1787.00000000000
499163.04492187500 2743749.77972412109 1787.00000000000
499419.04492187500 2743749.77972412109 1787.00000000000
499675.04492187500 2743749.77972412109 2109.45043945313
499931.04492187500 2743749.77972412109 2082.83496093750
500187.04492187500 2743749.77972412109 2034.00000000000
500443.04492187500 2743749.77972412109 1787.00000000000
500699.04492187500 2743749.77972412109 1787.00000000000
500955.04492187500 2743749.77972412109 1787.00000000000
501211.04492187500 2743749.77972412109 1787.00000000000
493019.04492187500 2744005.77972412109 1787.00000000000
493275.04492187500 2744005.77972412109 1787.00000000000
493531.04492187500 2744005.77972412109 1787.00000000000
493787.04492187500 2744005.77972412109 1787.00000000000
494043.04492187500 2744005.77972412109 1787.00000000000
494299.04492187500 2744005.77972412109 1787.00000000000
494555.04492187500 2744005.77972412109 1787.00000000000
494811.04492187500 2744005.77972412109 1787.00000000000
495067.04492187500 2744005.77972412109 1787.00000000000
495323.04492187500 2744005.77972412109 1787.00000000000
495579.04492187500 2744005.77972412109 1787.00000000000
495835.04492187500 2744005.77972412109 1787.00000000000
496091.04492187500 2744005.77972412109 1787.00000000000
496347.04492187500 2744005.77972412109 1787.00000000000
496603.04492187500 2744005.77972412109 1787.00000000000
496859.04492187500 2744005.77972412109 1787.00000000000
497115.04492187500 2744005.77972412109 1787.00000000000
497371.04492187500 2744005.77972412109 1787.00000000000
497627.04492187500 2744005.77972412109 1990.15295410156
497883.04492187500 2744005.77972412109 2015.88415527344
498139.04492187500 2744005.77972412109 2042.00000000000
498395.04492187500 2744005.77972412109 1787.00000000000
498651.04492187500 2744005.77972412109 1787.00000000000
498907.04492187500 2744005.77972412109 1787.00000000000
499163.04492187500 2744005.77972412109 1787.00000000000
499419.04492187500 2744005.77972412109 1787.00000000000
499675.04492187500 2744005.77972412109 2054.00000000000
499931.04492187500 2744005.77972412109 2038.71228027344
500187.04492187500 2744005.77972412109 2021.33837890625
500443.04492187500 2744005.77972412109 1787.00000000000
500699.04492187500 2744005.77972412109 1787.00000000000
500955.04492187500 2744005.77972412109 1787.00000000000
501211.04492187500 2744005.77972412109 1787.00000000000
493019.04492187500 2744261.77972412109 1787.00000000000
493275.04492187500 2744261.77972412109 1787.00000000000
493531.04492187500 2744261.77972412109 1787.00000000000
493787.04492187500 2744261.77972412109 1787.00000000000
494043.04492187500 2744261.77972412109 1787.00000000000
494299.04492187500 2744261.77972412109 1787.00000000000
494555.04492187500 2744261.77972412109 1787.00000000000
494811.04492187500 2744261.77972412109 1787.00000000000
495067.04492187500 2744261.77972412109 1787.00000000000
495323.04492187500 2744261.77972412109 1787.00000000000
495579.04492187500 2744261.77972412109 1787.00000000000
495835.04492187500 2744261.77972412109 1787.00000000000
496091.04492187500 2744261.77972412109 1787.00000000000
496347.04492187500 2744261.77972412109 1787.00000000000
496603.04492187500 2744261.77972412109 1787.00000000000
496859.04492187500 2744261.77972412109 1787.00000000000
497115.04492187500 2744261.77972412109 1787.00000000000
497371.04492187500 2744261.77972412109 1787.00000000000
497627.04492187500 2744261.77972412109 1975.51464843750
497883.04492187500 2744261.77972412109 1993.47546386719
498139.04492187500 2744261.77972412109 2006.18383789063
498395.04492187500 2744261.77972412109 2025.92382812500
498651.04492187500 2744261.77972412109 1787.00000000000
498907.04492187500 2744261.77972412109 1787.00000000000
499163.04492187500 2744261.77972412109 1787.00000000000
499419.04492187500 2744261.77972412109 2059.84350585938
499675.04492187500 2744261.77972412109 2115.64526367188
499931.04492187500 2744261.77972412109 2062.03955078125
500187.04492187500 2744261.77972412109 1787.00000000000
500443.04492187500 2744261.77972412109 1787.00000000000
500699.04492187500 2744261.77972412109 1787.00000000000
500955.04492187500 2744261.77972412109 1787.00000000000
501211.04492187500 2744261.77972412109 1787.00000000000
493019.04492187500 2744517.77972412109 1787.00000000000
493275.04492187500 2744517.77972412109 1787.00000000000
493531.04492187500 2744517.77972412109 1787.00000000000
493787.04492187500 2744517.77972412109 1787.00000000000
494043.04492187500 2744517.77972412109 1787.00000000000
494299.04492187500 2744517.77972412109 1787.00000000000
494555.04492187500 2744517.77972412109 1787.00000000000
494811.04492187500 2744517.77972412109 1787.00000000000
495067.04492187500 2744517.77972412109 1787.00000000000
495323.04492187500 2744517.77972412109 1787.00000000000
495579.04492187500 2744517.77972412109 1787.00000000000
495835.04492187500 2744517.77972412109 1787.00000000000
496091.04492187500 2744517.77972412109 1787.00000000000
496347.04492187500 2744517.77972412109 1787.00000000000
496603.04492187500 2744517.77972412109 1787.00000000000
496859.04492187500 2744517.77972412109 1787.00000000000
497115.04492187500 2744517.77972412109 1787.00000000000
497371.04492187500 2744517.77972412109 1981.07446289063
497627.04492187500 2744517.77972412109 1997.72094726563
497883.04492187500 2744517.77972412109 1986.42041015625
498139.04492187500 2744517.77972412109 1999.88793945313
498395.04492187500 2744517.77972412109 2017.50292968750
498651.04492187500 2744517.77972412109 2029.98681640625
498907.04492187500 2744517.77972412109 1787.00000000000
499163.04492187500 2744517.77972412109 1993.08886718750
499419.04492187500 2744517.77972412109 2009.04638671875
499675.04492187500 2744517.77972412109 2045.98486328125
499931.04492187500 2744517.77972412109 1787.00000000000
500187.04492187500 2744517.77972412109 1787.00000000000
500443.04492187500 2744517.77972412109 1787.00000000000
500699.04492187500 2744517.77972412109 1787.00000000000
500955.04492187500 2744517.77972412109 1787.00000000000
501211.04492187500 2744517.77972412109 1787.00000000000
493019.04492187500 2744773.77972412109 1787.00000000000
493275.04492187500 2744773.77972412109 1787.00000000000
493531.04492187500 2744773.77972412109 1787.00000000000
493787.04492187500 2744773.77972412109 1787.00000000000
494043.04492187500 2744773.77972412109 1787.00000000000
494299.04492187500 2744773.77972412109 1787.00000000000
494555.04492187500 2744773.77972412109 1787.00000000000
494811.04492187500 2744773.77972412109 1787.00000000000
495067.04492187500 2744773.77972412109 1787.00000000000
495323.04492187500 2744773.77972412109 1787.00000000000
495579.04492187500 2744773.77972412109 1787.00000000000
495835.04492187500 2744773.77972412109 1787.00000000000
496091.04492187500 2744773.77972412109 1787.00000000000
496347.04492187500 2744773.77972412109 1787.00000000000
496603.04492187500 2744773.77972412109 1787.00000000000
496859.04492187500 2744773.77972412109 1787.00000000000
497115.04492187500 2744773.77972412109 1787.00000000000
497371.04492187500 2744773.77972412109 1978.73925781250
497627.04492187500 2744773.77972412109 1999.26721191406
497883.04492187500 2744773.77972412109 1984.69226074219
498139.04492187500 2744773.77972412109 2001.20214843750
498395.04492187500 2744773.77972412109 2007.18908691406
498651.04492187500 2744773.77972412109 2013.85290527344
498907.04492187500 2744773.77972412109 2012.79345703125
499163.04492187500 2744773.77972412109 1991.38439941406
499419.04492187500 2744773.77972412109 2000.03820800781
499675.04492187500 2744773.77972412109 2014.45080566406
499931.04492187500 2744773.77972412109 1787.00000000000
500187.04492187500 2744773.77972412109 1787.00000000000
500443.04492187500 2744773.77972412109 1787.00000000000
500699.04492187500 2744773.77972412109 1787.00000000000
500955.04492187500 2744773.77972412109 1787.00000000000
501211.04492187500 2744773.77972412109 1787.00000000000
493019.04492187500 2745029.77972412109 1787.00000000000
493275.04492187500 2745029.77972412109 1787.00000000000
493531.04492187500 2745029.77972412109 1787.00000000000
493787.04492187500 2745029.77972412109 1787.00000000000
494043.04492187500 2745029.77972412109 1787.00000000000
494299.04492187500 2745029.77972412109 1787.00000000000
494555.04492187500 2745029.77972412109 1787.00000000000
494811.04492187500 2745029.77972412109 1787.00000000000
495067.04492187500 2745029.77972412109 1787.00000000000
495323.04492187500 2745029.77972412109 1787.00000000000
495579.04492187500 2745029.77972412109 1787.00000000000
495835.04492187500 2745029.77972412109 1787.00000000000
496091.04492187500 2745029.77972412109 1787.00000000000
496347.04492187500 2745029.77972412109 1787.00000000000
496603.04492187500 2745029.77972412109 1787.00000000000
496859.04492187500 2745029.77972412109 1787.00000000000
497115.04492187500 2745029.77972412109 1787.00000000000
497371.04492187500 2745029.77972412109 1966.26708984375
497627.04492187500 2745029.77972412109 1971.70043945313
497883.04492187500 2745029.77972412109 1992.93103027344
498139.04492187500 2745029.77972412109 1987.60070800781
498395.04492187500 2745029.77972412109 1999.05822753906
498651.04492187500 2745029.77972412109 1997.26403808594
498907.04492187500 2745029.77972412109 1990.00000000000
499163.04492187500 2745029.77972412109 2008.11132812500
499419.04492187500 2745029.77972412109 1990.02246093750
499675.04492187500 2745029.77972412109 1787.00000000000
499931.04492187500 2745029.77972412109 1787.00000000000
500187.04492187500 2745029.77972412109 1787.00000000000
500443.04492187500 2745029.77972412109 1787.00000000000
500699.04492187500 2745029.77972412109 1787.00000000000
500955.04492187500 2745029.77972412109 1787.00000000000
501211.04492187500 2745029.77972412109 1787.00000000000
493019.04492187500 2745285.77972412109 1787.00000000000
493275.04492187500 2745285.77972412109 1787.00000000000
493531.04492187500 2745285.77972412109 1787.00000000000
493787.04492187500 2745285.77972412109 1787.00000000000
494043.04492187500 2745285.77972412109 1787.00000000000
494299.04492187500 2745285.77972412109 1787.00000000000
494555.04492187500 2745285.77972412109 1787.00000000000
494811.04492187500 2745285.77972412109 1787.00000000000
495067.04492187500 2745285.77972412109 1787.00000000000
495323.04492187500 2745285.77972412109 1787.00000000000
495579.04492187500 2745285.77972412109 1787.00000000000
495835.04492187500 2745285.77972412109 1787.00000000000
496091.04492187500 2745285.77972412109 1787.00000000000
496347.04492187500 2745285.77972412109 1787.00000000000
496603.04492187500 2745285.77972412109 1787.00000000000
496859.04492187500 2745285.77972412109 1787.00000000000
497115.04492187500 2745285.77972412109 1964.96069335938
497371.04492187500 2745285.77972412109 1956.00000000000
497627.04492187500 2745285.77972412109 1956.00000000000
497883.04492187500 2745285.77972412109 1974.11096191406
498139.04492187500 2745285.77972412109 1970.38818359375
498395.04492187500 2745285.77972412109 1975.84704589844
498651.04492187500 2745285.77972412109 1975.52746582031
498907.04492187500 2745285.77972412109 1973.65893554688
499163.04492187500 2745285.77972412109 1988.79394531250
499419.04492187500 2745285.77972412109 1787.00000000000
499675.04492187500 2745285.77972412109 1787.00000000000
499931.04492187500 2745285.77972412109 1787.00000000000
500187.04492187500 2745285.77972412109 1787.00000000000
500443.04492187500 2745285.77972412109 1787.00000000000
500699.04492187500 2745285.77972412109 1787.00000000000
500955.04492187500 2745285.77972412109 1787.00000000000
501211.04492187500 2745285.77972412109 1787.00000000000
493019.04492187500 2745541.77972412109 1787.00000000000
493275.04492187500 2745541.77972412109 1787.00000000000
493531.04492187500 2745541.77972412109 1787.00000000000
493787.04492187500 2745541.77972412109 1787.00000000000
494043.04492187500 2745541.77972412109 1787.00000000000
494299.04492187500 2745541.77972412109 1787.00000000000
494555.04492187500 2745541.77972412109 1787.00000000000
494811.04492187500 2745541.77972412109 1787.00000000000
495067.04492187500 2745541.77972412109 1787.00000000000
495323.04492187500 2745541.77972412109 1787.00000000000
495579.04492187500 2745541.77972412109 1787.00000000000
495835.04492187500 2745541.77972412109 1787.00000000000
496091.04492187500 2745541.77972412109 1787.00000000000
496347.04492187500 2745541.77972412109 1787.00000000000
496603.04492187500 2745541.77972412109 1787.00000000000
496859.04492187500 2745541.77972412109 1787.00000000000
497115.04492187500 2745541.77972412109 1964.16674804688
497371.04492187500 2745541.77972412109 1958.17456054688
497627.04492187500 2745541.77972412109 1960.67907714844
497883.04492187500 2745541.77972412109 1958.80468750000
498139.04492187500 2745541.77972412109 1956.00000000000
498395.04492187500 2745541.77972412109 1958.00000000000
498651.04492187500 2745541.77972412109 1960.00000000000
498907.04492187500 2745541.77972412109 1960.00000000000
499163.04492187500 2745541.77972412109 1978.01940917969
499419.04492187500 2745541.77972412109 1787.00000000000
499675.04492187500 2745541.77972412109 1787.00000000000
499931.04492187500 2745541.77972412109 1787.00000000000
500187.04492187500 2745541.77972412109 1787.00000000000
500443.04492187500 2745541.77972412109 1787.00000000000
500699.04492187500 2745541.77972412109 1787.00000000000
500955.04492187500 2745541.77972412109 1787.00000000000
501211.04492187500 2745541.77972412109 1787.00000000000
493019.04492187500 2745797.77972412109 1787.00000000000
493275.04492187500 2745797.77972412109 1787.00000000000
493531.04492187500 2745797.77972412109 1787.00000000000
493787.04492187500 2745797.77972412109 1787.00000000000
494043.04492187500 2745797.77972412109 1787.00000000000
494299.04492187500 2745797.77972412109 1787.00000000000
494555.04492187500 2745797.77972412109 1787.00000000000
494811.04492187500 2745797.77972412109 1787.00000000000
495067.04492187500 2745797.77972412109 1787.00000000000
495323.04492187500 2745797.77972412109 1787.00000000000
495579.04492187500 2745797.77972412109 1787.00000000000
495835.04492187500 2745797.77972412109 1787.00000000000
496091.04492187500 2745797.77972412109 1787.00000000000
496347.04492187500 2745797.77972412109 1787.00000000000
496603.04492187500 2745797.77972412109 1787.00000000000
496859.04492187500 2745797.77972412109 1787.00000000000
497115.04492187500 2745797.77972412109 1958.48754882813
497371.04492187500 2745797.77972412109 1956.00000000000
497627.04492187500 2745797.77972412109 1969.90490722656
497883.04492187500 2745797.77972412109 1966.00000000000
498139.04492187500 2745797.77972412109 1973.32629394531
498395.04492187500 2745797.77972412109 1966.21191406250
498651.04492187500 2745797.77972412109 1968.33703613281
498907.04492187500 2745797.77972412109 1968.73071289063
499163.04492187500 2745797.77972412109 1962.00000000000
499419.04492187500 2745797.77972412109 1787.00000000000
499675.04492187500 2745797.77972412109 1787.00000000000
499931.04492187500 2745797.77972412109 1787.00000000000
500187.04492187500 2745797.77972412109 1787.00000000000
500443.04492187500 2745797.77972412109 1787.00000000000
500699.04492187500 2745797.77972412109 1787.00000000000
500955.04492187500 2745797.77972412109 1787.00000000000
501211.04492187500 2745797.77972412109 1787.00000000000
493019.04492187500 2746053.77972412109 1787.00000000000
493275.04492187500 2746053.77972412109 1787.00000000000
493531.04492187500 2746053.77972412109 1787.00000000000
493787.04492187500 2746053.77972412109 1787.00000000000
494043.04492187500 2746053.77972412109 1787.00000000000
494299.04492187500 2746053.77972412109 1787.00000000000
494555.04492187500 2746053.77972412109 1787.00000000000
494811.04492187500 2746053.77972412109 1787.00000000000
495067.04492187500 2746053.77972412109 1787.00000000000
495323.04492187500 2746053.77972412109 1787.00000000000
495579.04492187500 2746053.77972412109 1787.00000000000
495835.04492187500 2746053.77972412109 1787.00000000000
496091.04492187500 2746053.77972412109 1787.00000000000
496347.04492187500 2746053.77972412109 1787.00000000000
496603.04492187500 2746053.77972412109 1787.00000000000
496859.04492187500 2746053.77972412109 1787.00000000000
497115.04492187500 2746053.77972412109 1955.43847656250
497371.04492187500 2746053.77972412109 1956.00000000000
497627.04492187500 2746053.77972412109 1960.49304199219
497883.04492187500 2746053.77972412109 1974.37426757813
498139.04492187500 2746053.77972412109 1980.97644042969
498395.04492187500 2746053.77972412109 1982.39916992188
498651.04492187500 2746053.77972412109 1976.76220703125
498907.04492187500 2746053.77972412109 1982.31457519531
499163.04492187500 2746053.77972412109 1787.00000000000
499419.04492187500 2746053.77972412109 1787.00000000000
499675.04492187500 2746053.77972412109 1787.00000000000
499931.04492187500 2746053.77972412109 1787.00000000000
500187.04492187500 2746053.77972412109 1787.00000000000
500443.04492187500 2746053.77972412109 1787.00000000000
500699.04492187500 2746053.77972412109 1787.00000000000
500955.04492187500 2746053.77972412109 1787.00000000000
501211.04492187500 2746053.77972412109 1787.00000000000
493019.04492187500 2746309.77972412109 1787.00000000000
493275.04492187500 2746309.77972412109 1787.00000000000
493531.04492187500 2746309.77972412109 1787.00000000000
493787.04492187500 2746309.77972412109 1787.00000000000
494043.04492187500 2746309.77972412109 1787.00000000000
494299.04492187500 2746309.77972412109 1787.00000000000
494555.04492187500 2746309.77972412109 1787.00000000000
494811.04492187500 2746309.77972412109 1787.00000000000
495067.04492187500 2746309.77972412109 1787.00000000000
495323.04492187500 2746309.77972412109 1787.00000000000
495579.04492187500 2746309.77972412109 1787.00000000000
495835.04492187500 2746309.77972412109 1787.00000000000
496091.04492187500 2746309.77972412109 1787.00000000000
496347.04492187500 2746309.77972412109 1787.00000000000
496603.04492187500 2746309.77972412109 1787.00000000000
496859.04492187500 2746309.77972412109 2005.07250976563
497115.04492187500 2746309.77972412109 1971.27172851563
497371.04492187500 2746309.77972412109 1960.58300781250
497627.04492187500 2746309.77972412109 1963.80004882813
497883.04492187500 2746309.77972412109 1983.03564453125
498139.04492187500 2746309.77972412109 1992.00000000000
498395.04492187500 2746309.77972412109 1985.51171875000
498651.04492187500 2746309.77972412109 1986.94287109375
498907.04492187500 2746309.77972412109 1787.00000000000
499163.04492187500 2746309.77972412109 1787.00000000000
499419.04492187500 2746309.77972412109 1787.00000000000
499675.04492187500 2746309.77972412109 1787.00000000000
499931.04492187500 2746309.77972412109 1787.00000000000
500187.04492187500 2746309.77972412109 1787.00000000000
500443.04492187500 2746309.77972412109 1787.00000000000
500699.04492187500 2746309.77972412109 1787.00000000000
500955.04492187500 2746309.77972412109 1787.00000000000
501211.04492187500 2746309.77972412109 1787.00000000000
493019.04492187500 2746565.77972412109 1787.00000000000
493275.04492187500 2746565.77972412109 1787.00000000000
493531.04492187500 2746565.77972412109 1787.00000000000
493787.04492187500 2746565.77972412109 1787.00000000000
494043.04492187500 2746565.77972412109 1787.00000000000
494299.04492187500 2746565.77972412109 1787.00000000000
494555.04492187500 2746565.77972412109 1787.00000000000
494811.04492187500 2746565.77972412109 1787.00000000000
495067.04492187500 2746565.77972412109 1787.00000000000
495323.04492187500 2746565.77972412109 1787.00000000000
495579.04492187500 2746565.77972412109 1787.00000000000
495835.04492187500 2746565.77972412109 1787.00000000000
496091.04492187500 2746565.77972412109 1787.00000000000
496347.04492187500 2746565.77972412109 1787.00000000000
496603.04492187500 2746565.77972412109 1787.00000000000
496859.04492187500 2746565.77972412109 2008.52539062500
497115.04492187500 2746565.77972412109 1987.71215820313
497371.04492187500 2746565.77972412109 1958.62683105469
497627.04492187500 2746565.77972412109 1967.58691406250
497883.04492187500 2746565.77972412109 1980.94873046875
498139.04492187500 2746565.77972412109 1982.83325195313
498395.04492187500 2746565.77972412109 1987.93664550781
498651.04492187500 2746565.77972412109 1787.00000000000
498907.04492187500 2746565.77972412109 1787.00000000000
499163.04492187500 2746565.77972412109 1787.00000000000
499419.04492187500 2746565.77972412109 1787.00000000000
499675.04492187500 2746565.77972412109 1787.00000000000
499931.04492187500 2746565.77972412109 1787.00000000000
500187.04492187500 2746565.77972412109 1787.00000000000
500443.04492187500 2746565.77972412109 1787.00000000000
500699.04492187500 2746565.77972412109 1787.00000000000
500955.04492187500 2746565.77972412109 1787.00000000000
501211.04492187500 2746565.77972412109 1787.00000000000
493019.04492187500 2746821.77972412109 1787.00000000000
493275.04492187500 2746821.77972412109 1787.00000000000
493531.04492187500 2746821.77972412109 1787.00000000000
493787.04492187500 2746821.77972412109 1787.00000000000
494043.04492187500 2746821.77972412109 1787.00000000000
494299.04492187500 2746821.77972412109 1787.00000000000
494555.04492187500 2746821.77972412109 1787.00000000000
494811.04492187500 2746821.77972412109 1787.00000000000
495067.04492187500 2746821.77972412109 1787.00000000000
495323.04492187500 2746821.77972412109 1787.00000000000
495579.04492187500 2746821.77972412109 1787.00000000000
495835.04492187500 2746821.77972412109 1787.00000000000
496091.04492187500 2746821.77972412109 1787.00000000000
496347.04492187500 2746821.77972412109 1787.00000000000
496603.04492187500 2746821.77972412109 1787.00000000000
496859.04492187500 2746821.77972412109 1995.81665039063
497115.04492187500 2746821.77972412109 1995.77246093750
497371.04492187500 2746821.77972412109 1974.78100585938
497627.04492187500 2746821.77972412109 1970.66784667969
497883.04492187500 2746821.77972412109 1976.00000000000
498139.04492187500 2746821.77972412109 1970.00000000000
498395.04492187500 2746821.77972412109 1787.00000000000
498651.04492187500 2746821.77972412109 1787.00000000000
498907.04492187500 2746821.77972412109 1787.00000000000
499163.04492187500 2746821.77972412109 1787.00000000000
499419.04492187500 2746821.77972412109 1787.00000000000
499675.04492187500 2746821.77972412109 1787.00000000000
499931.04492187500 2746821.77972412109 1787.00000000000
500187.04492187500 2746821.77972412109 1787.00000000000
500443.04492187500 2746821.77972412109 1787.00000000000
500699.04492187500 2746821.77972412109 1787.00000000000
500955.04492187500 2746821.77972412109 1787.00000000000
501211.04492187500 2746821.77972412109 1787.00000000000
493019.04492187500 2747077.77972412109 1787.00000000000
493275.04492187500 2747077.77972412109 1787.00000000000
493531.04492187500 2747077.77972412109 1787.00000000000
493787.04492187500 2747077.77972412109 1787.00000000000
494043.04492187500 2747077.77972412109 1787.00000000000
494299.04492187500 2747077.77972412109 1787.00000000000
494555.04492187500 2747077.77972412109 1787.00000000000
494811.04492187500 2747077.77972412109 1787.00000000000
495067.04492187500 2747077.77972412109 1787.00000000000
495323.04492187500 2747077.77972412109 1787.00000000000
495579.04492187500 2747077.77972412109 1787.00000000000
495835.04492187500 2747077.77972412109 1787.00000000000
496091.04492187500 2747077.77972412109 1787.00000000000
496347.04492187500 2747077.77972412109 1787.00000000000
496603.04492187500 2747077.77972412109 1787.00000000000
496859.04492187500 2747077.77972412109 2011.35693359375
497115.04492187500 2747077.77972412109 1999.83654785156
497371.04492187500 2747077.77972412109 1977.57971191406
497627.04492187500 2747077.77972412109 1967.07250976563
497883.04492187500 2747077.77972412109 1968.00000000000
498139.04492187500 2747077.77972412109 1787.00000000000
498395.04492187500 2747077.77972412109 1787.00000000000
498651.04492187500 2747077.77972412109 1787.00000000000
498907.04492187500 2747077.77972412109 1787.00000000000
499163.04492187500 2747077.77972412109 1787.00000000000
499419.04492187500 2747077.77972412109 1787.00000000000
499675.04492187500 2747077.77972412109 1787.00000000000
499931.04492187500 2747077.77972412109 1787.00000000000
500187.04492187500 2747077.77972412109 1787.00000000000
500443.04492187500 2747077.77972412109 1787.00000000000
500699.04492187500 2747077.77972412109 1787.00000000000
500955.04492187500 2747077.77972412109 1787.00000000000
501211.04492187500 2747077.77972412109 1787.00000000000
493019.04492187500 2747333.77972412109 1787.00000000000
493275.04492187500 2747333.77972412109 1787.00000000000
493531.04492187500 2747333.77972412109 1787.00000000000
493787.04492187500 2747333.77972412109 1787.00000000000
494043.04492187500 2747333.77972412109 1787.00000000000
494299.04492187500 2747333.77972412109 1787.00000000000
494555.04492187500 2747333.77972412109 1787.00000000000
494811.04492187500 2747333.77972412109 1787.00000000000
495067.04492187500 2747333.77972412109 1787.00000000000
495323.04492187500 2747333.77972412109 1787.00000000000
495579.04492187500 2747333.77972412109 1787.00000000000
495835.04492187500 2747333.77972412109 1787.00000000000
496091.04492187500 2747333.77972412109 1787.00000000000
496347.04492187500 2747333.77972412109 1787.00000000000
496603.04492187500 2747333.77972412109 2022.82043457031
496859.04492187500 2747333.77972412109 2009.21411132813
497115.04492187500 2747333.77972412109 2001.42797851563
497371.04492187500 2747333.77972412109 1987.11840820313
497627.04492187500 2747333.77972412109 1977.30224609375
497883.04492187500 2747333.77972412109 1787.00000000000
498139.04492187500 2747333.77972412109 1787.00000000000
498395.04492187500 2747333.77972412109 1787.00000000000
498651.04492187500 2747333.77972412109 1787.00000000000
498907.04492187500 2747333.77972412109 1787.00000000000
499163.04492187500 2747333.77972412109 1787.00000000000
499419.04492187500 2747333.77972412109 1787.00000000000
499675.04492187500 2747333.77972412109 1787.00000000000
499931.04492187500 2747333.77972412109 1787.00000000000
500187.04492187500 2747333.77972412109 1787.00000000000
500443.04492187500 2747333.77972412109 1787.00000000000
500699.04492187500 2747333.77972412109 1787.00000000000
500955.04492187500 2747333.77972412109 1787.00000000000
501211.04492187500 2747333.77972412109 1787.00000000000
493019.04492187500 2747589.77972412109 1787.00000000000
493275.04492187500 2747589.77972412109 1787.00000000000
493531.04492187500 2747589.77972412109 1787.00000000000
493787.04492187500 2747589.77972412109 1787.00000000000
494043.04492187500 2747589.77972412109 1787.00000000000
494299.04492187500 2747589.77972412109 1787.00000000000
494555.04492187500 2747589.77972412109 1787.00000000000
494811.04492187500 2747589.77972412109 1787.00000000000
495067.04492187500 2747589.77972412109 1787.00000000000
495323.04492187500 2747589.77972412109 1787.00000000000
495579.04492187500 2747589.77972412109 1787.00000000000
495835.04492187500 2747589.77972412109 1787.00000000000
496091.04492187500 2747589.77972412109 1787.00000000000
496347.04492187500 2747589.77972412109 1983.86364746094
496603.04492187500 2747589.77972412109 2008.03918457031
496859.04492187500 2747589.77972412109 1996.90844726563
497115.04492187500 2747589.77972412109 1995.10974121094
497371.04492187500 2747589.77972412109 1787.00000000000
497627.04492187500 2747589.77972412109 1787.00000000000
497883.04492187500 2747589.77972412109 1787.00000000000
498139.04492187500 2747589.77972412109 1787.00000000000
498395.04492187500 2747589.77972412109 1787.00000000000
498651.04492187500 2747589.77972412109 1787.00000000000
498907.04492187500 2747589.77972412109 1787.00000000000
499163.04492187500 2747589.77972412109 1787.00000000000
499419.04492187500 2747589.77972412109 1787.00000000000
499675.04492187500 2747589.77972412109 1787.00000000000
499931.04492187500 2747589.77972412109 1787.00000000000
500187.04492187500 2747589.77972412109 1787.00000000000
500443.04492187500 2747589.77972412109 1787.00000000000
500699.04492187500 2747589.77972412109 1787.00000000000
500955.04492187500 2747589.77972412109 1787.00000000000
501211.04492187500 2747589.77972412109 1787.00000000000
493019.04492187500 2747845.77972412109 1787.00000000000
493275.04492187500 2747845.77972412109 1787.00000000000
493531.04492187500 2747845.77972412109 1787.00000000000
493787.04492187500 2747845.77972412109 1787.00000000000
494043.04492187500 2747845.77972412109 1787.00000000000
494299.04492187500 2747845.77972412109 1787.00000000000
494555.04492187500 2747845.77972412109 1787.00000000000
494811.04492187500 2747845.77972412109 1787.00000000000
495067.04492187500 2747845.77972412109 1787.00000000000
495323.04492187500 2747845.77972412109 1787.00000000000
495579.04492187500 2747845.77972412109 1787.00000000000
495835.04492187500 2747845.77972412109 1973.46508789063
496091.04492187500 2747845.77972412109 1972.65234375000
496347.04492187500 2747845.77972412109 1973.60339355469
496603.04492187500 2747845.77972412109 1981.03100585938
496859.04492187500 2747845.77972412109 1992.62500000000
497115.04492187500 2747845.77972412109 1787.00000000000
497371.04492187500 2747845.77972412109 1787.00000000000
497627.04492187500 2747845.77972412109 1787.00000000000
497883.04492187500 2747845.77972412109 1787.00000000000
498139.04492187500 2747845.77972412109 1787.00000000000
498395.04492187500 2747845.77972412109 1787.00000000000
498651.04492187500 2747845.77972412109 1787.00000000000
498907.04492187500 2747845.77972412109 1787.00000000000
499163.04492187500 2747845.77972412109 1787.00000000000
499419.04492187500 2747845.77972412109 1787.00000000000
499675.04492187500 2747845.77972412109 1787.00000000000
499931.04492187500 2747845.77972412109 1787.00000000000
500187.04492187500 2747845.77972412109 1787.00000000000
500443.04492187500 2747845.77972412109 1787.00000000000
500699.04492187500 2747845.77972412109 1787.00000000000
500955.04492187500 2747845.77972412109 1787.00000000000
501211.04492187500 2747845.77972412109 1787.00000000000
493019.04492187500 2748101.77972412109 1787.00000000000
493275.04492187500 2748101.77972412109 1787.00000000000
493531.04492187500 2748101.77972412109 1787.00000000000
493787.04492187500 2748101.77972412109 1787.00000000000
494043.04492187500 2748101.77972412109 1787.00000000000
494299.04492187500 2748101.77972412109 1787.00000000000
494555.04492187500 2748101.77972412109 1787.00000000000
494811.04492187500 2748101.77972412109 1787.00000000000
495067.04492187500 2748101.77972412109 1787.00000000000
495323.04492187500 2748101.77972412109 1787.00000000000
495579.04492187500 2748101.77972412109 1974.73815917969
495835.04492187500 2748101.77972412109 1973.88879394531
496091.04492187500 2748101.77972412109 1973.73803710938
496347.04492187500 2748101.77972412109 1975.25659179688
496603.04492187500 2748101.77972412109 1976.31115722656
496859.04492187500 2748101.77972412109 1787.00000000000
497115.04492187500 2748101.77972412109 1787.00000000000
497371.04492187500 2748101.77972412109 1787.00000000000
497627.04492187500 2748101.77972412109 1787.00000000000
497883.04492187500 2748101.77972412109 1787.00000000000
498139.04492187500 2748101.77972412109 1787.00000000000
498395.04492187500 2748101.77972412109 1787.00000000000
498651.04492187500 2748101.77972412109 1787.00000000000
498907.04492187500 2748101.77972412109 1787.00000000000
499163.04492187500 2748101.77972412109 1787.00000000000
499419.04492187500 2748101.77972412109 1787.00000000000
499675.04492187500 2748101.77972412109 1787.00000000000
499931.04492187500 2748101.77972412109 1787.00000000000
500187.04492187500 2748101.77972412109 1787.00000000000
500443.04492187500 2748101.77972412109 1787.00000000000
500699.04492187500 2748101.77972412109 1787.00000000000
500955.04492187500 2748101.77972412109 1787.00000000000
501211.04492187500 2748101.77972412109 1787.00000000000
493019.04492187500 2748357.77972412109 1787.00000000000
493275.04492187500 2748357.77972412109 1787.00000000000
493531.04492187500 2748357.77972412109 1787.00000000000
493787.04492187500 2748357.77972412109 1787.00000000000
494043.04492187500 2748357.77972412109 1787.00000000000
494299.04492187500 2748357.77972412109 1787.00000000000
494555.04492187500 2748357.77972412109 1787.00000000000
494811.04492187500 2748357.77972412109 1787.00000000000
495067.04492187500 2748357.77972412109 1978.38586425781
495323.04492187500 2748357.77972412109 1975.97460937500
495579.04492187500 2748357.77972412109 1975.12524414063
495835.04492187500 2748357.77972412109 1974.27575683594
496091.04492187500 2748357.77972412109 1974.89562988281
496347.04492187500 2748357.77972412109 1979.29650878906
496603.04492187500 2748357.77972412109 1979.17126464844
496859.04492187500 2748357.77972412109 1787.00000000000
497115.04492187500 2748357.77972412109 1787.00000000000
497371.04492187500 2748357.77972412109 1787.00000000000
497627.04492187500 2748357.77972412109 1787.00000000000
497883.04492187500 2748357.77972412109 1787.00000000000
498139.04492187500 2748357.77972412109 1787.00000000000
498395.04492187500 2748357.77972412109 1787.00000000000
498651.04492187500 2748357.77972412109 1787.00000000000
498907.04492187500 2748357.77972412109 1787.00000000000
499163.04492187500 2748357.77972412109 1787.00000000000
499419.04492187500 2748357.77972412109 1787.00000000000
499675.04492187500 2748357.77972412109 1787.00000000000
499931.04492187500 2748357.77972412109 1787.00000000000
500187.04492187500 2748357.77972412109 1787.00000000000
500443.04492187500 2748357.77972412109 1787.00000000000
500699.04492187500 2748357.77972412109 1787.00000000000
500955.04492187500 2748357.77972412109 1787.00000000000
501211.04492187500 2748357.77972412109 1787.00000000000
493019.04492187500 2748613.77972412109 1787.00000000000
493275.04492187500 2748613.77972412109 1787.00000000000
493531.04492187500 2748613.77972412109 1787.00000000000
493787.04492187500 2748613.77972412109 1787.00000000000
494043.04492187500 2748613.77972412109 1787.00000000000
494299.04492187500 2748613.77972412109 1787.00000000000
494555.04492187500 2748613.77972412109 1787.00000000000
494811.04492187500 2748613.77972412109 1787.00000000000
495067.04492187500 2748613.77972412109 1980.31103515625
495323.04492187500 2748613.77972412109 1977.09033203125
495579.04492187500 2748613.77972412109 1975.51220703125
495835.04492187500 2748613.77972412109 1975.24511718750
496091.04492187500 2748613.77972412109 1975.90649414063
496347.04492187500 2748613.77972412109 1983.33630371094
496603.04492187500 2748613.77972412109 1787.00000000000
496859.04492187500 2748613.77972412109 1787.00000000000
497115.04492187500 2748613.77972412109 1787.00000000000
497371.04492187500 2748613.77972412109 1787.00000000000
497627.04492187500 2748613.77972412109 1787.00000000000
497883.04492187500 2748613.77972412109 1787.00000000000
498139.04492187500 2748613.77972412109 1787.00000000000
498395.04492187500 2748613.77972412109 1787.00000000000
498651.04492187500 2748613.77972412109 1787.00000000000
498907.04492187500 2748613.77972412109 1787.00000000000
499163.04492187500 2748613.77972412109 1787.00000000000
499419.04492187500 2748613.77972412109 1787.00000000000
499675.04492187500 2748613.77972412109 1787.00000000000
499931.04492187500 2748613.77972412109 1787.00000000000
500187.04492187500 2748613.77972412109 1787.00000000000
500443.04492187500 2748613.77972412109 1787.00000000000
500699.04492187500 2748613.77972412109 1787.00000000000
500955.04492187500 2748613.77972412109 1787.00000000000
501211.04492187500 2748613.77972412109 1787.00000000000
493019.04492187500 2748869.77972412109 1787.00000000000
493275.04492187500 2748869.77972412109 1787.00000000000
493531.04492187500 2748869.77972412109 1787.00000000000
493787.04492187500 2748869.77972412109 1787.00000000000
494043.04492187500 2748869.77972412109 1787.00000000000
494299.04492187500 2748869.77972412109 1787.00000000000
494555.04492187500 2748869.77972412109 1787.00000000000
494811.04492187500 2748869.77972412109 1986.49279785156
495067.04492187500 2748869.77972412109 1978.03125000000
495323.04492187500 2748869.77972412109 1976.88562011719
495579.04492187500 2748869.77972412109 1975.89929199219
495835.04492187500 2748869.77972412109 1975.70080566406
496091.04492187500 2748869.77972412109 1979.94641113281
496347.04492187500 2748869.77972412109 1986.42504882813
496603.04492187500 2748869.77972412109 1787.00000000000
496859.04492187500 2748869.77972412109 1787.00000000000
497115.04492187500 2748869.77972412109 1787.00000000000
497371.04492187500 2748869.77972412109 1787.00000000000
497627.04492187500 2748869.77972412109 1787.00000000000
497883.04492187500 2748869.77972412109 1787.00000000000
498139.04492187500 2748869.77972412109 1787.00000000000
498395.04492187500 2748869.77972412109 1787.00000000000
498651.04492187500 2748869.77972412109 1787.00000000000
498907.04492187500 2748869.77972412109 1787.00000000000
499163.04492187500 2748869.77972412109 1787.00000000000
499419.04492187500 2748869.77972412109 1787.00000000000
499675.04492187500 2748869.77972412109 1787.00000000000
499931.04492187500 2748869.77972412109 1787.00000000000
500187.04492187500 2748869.77972412109 1787.00000000000
500443.04492187500 2748869.77972412109 1787.00000000000
500699.04492187500 2748869.77972412109 1787.00000000000
500955.04492187500 2748869.77972412109 1787.00000000000
501211.04492187500 2748869.77972412109 1787.00000000000
493019.04492187500 2749125.77972412109 1787.00000000000
493275.04492187500 2749125.77972412109 1787.00000000000
493531.04492187500 2749125.77972412109 1787.00000000000
493787.04492187500 2749125.77972412109 1787.00000000000
494043.04492187500 2749125.77972412109 1787.00000000000
494299.04492187500 2749125.77972412109 1787.00000000000
494555.04492187500 2749125.77972412109 1997.77465820313
494811.04492187500 2749125.77972412109 1997.65612792969
495067.04492187500 2749125.77972412109 1987.27819824219
495323.04492187500 2749125.77972412109 1978.00000000000
495579.04492187500 2749125.77972412109 1977.17883300781
495835.04492187500 2749125.77972412109 1977.37695312500
496091.04492187500 2749125.77972412109 1983.98620605469
496347.04492187500 2749125.77972412109 1989.25573730469
496603.04492187500 2749125.77972412109 1787.00000000000
496859.04492187500 2749125.77972412109 1787.00000000000
497115.04492187500 2749125.77972412109 1787.00000000000
497371.04492187500 2749125.77972412109 1787.00000000000
497627.04492187500 2749125.77972412109 1787.00000000000
497883.04492187500 2749125.77972412109 1787.00000000000
498139.04492187500 2749125.77972412109 1787.00000000000
498395.04492187500 2749125.77972412109 1787.00000000000
498651.04492187500 2749125.77972412109 1787.00000000000
498907.04492187500 2749125.77972412109 1787.00000000000
499163.04492187500 2749125.77972412109 1787.00000000000
499419.04492187500 2749125.77972412109 1787.00000000000
499675.04492187500 2749125.77972412109 1787.00000000000
499931.04492187500 2749125.77972412109 1787.00000000000
500187.04492187500 2749125.77972412109 1787.00000000000
500443.04492187500 2749125.77972412109 1787.00000000000
500699.04492187500 2749125.77972412109 1787.00000000000
500955.04492187500 2749125.77972412109 1787.00000000000
501211.04492187500 2749125.77972412109 1787.00000000000
493019.04492187500 2749381.77972412109 1787.00000000000
493275.04492187500 2749381.77972412109 1787.00000000000
493531.04492187500 2749381.77972412109 1787.00000000000
493787.04492187500 2749381.77972412109 1787.00000000000
494043.04492187500 2749381.77972412109 1787.00000000000
494299.04492187500 2749381.77972412109 1995.57116699219
494555.04492187500 2749381.77972412109 2002.00000000000
494811.04492187500 2749381.77972412109 2001.67883300781
495067.04492187500 2749381.77972412109 2013.27917480469
495323.04492187500 2749381.77972412109 1991.91564941406
495579.04492187500 2749381.77972412109 1980.65588378906
495835.04492187500 2749381.77972412109 1983.27172851563
496091.04492187500 2749381.77972412109 2003.35009765625
496347.04492187500 2749381.77972412109 2009.75097656250
496603.04492187500 2749381.77972412109 1787.00000000000
496859.04492187500 2749381.77972412109 1787.00000000000
497115.04492187500 2749381.77972412109 1787.00000000000
497371.04492187500 2749381.77972412109 1787.00000000000
497627.04492187500 2749381.77972412109 1787.00000000000
497883.04492187500 2749381.77972412109 1787.00000000000
498139.04492187500 2749381.77972412109 1787.00000000000
498395.04492187500 2749381.77972412109 1787.00000000000
498651.04492187500 2749381.77972412109 1787.00000000000
498907.04492187500 2749381.77972412109 1787.00000000000
499163.04492187500 2749381.77972412109 1787.00000000000
499419.04492187500 2749381.77972412109 1787.00000000000
499675.04492187500 2749381.77972412109 1787.00000000000
499931.04492187500 2749381.77972412109 1787.00000000000
500187.04492187500 2749381.77972412109 1787.00000000000
500443.04492187500 2749381.77972412109 1787.00000000000
500699.04492187500 2749381.77972412109 1787.00000000000
500955.04492187500 2749381.77972412109 1787.00000000000
501211.04492187500 2749381.77972412109 1787.00000000000
493019.04492187500 2749637.77972412109 1787.00000000000
493275.04492187500 2749637.77972412109 1787.00000000000
493531.04492187500 2749637.77972412109 1787.00000000000
493787.04492187500 2749637.77972412109 1787.00000000000
494043.04492187500 2749637.77972412109 1997.64196777344
494299.04492187500 2749637.77972412109 1999.54113769531
494555.04492187500 2749637.77972412109 2008.22314453125
494811.04492187500 2749637.77972412109 2008.70556640625
495067.04492187500 2749637.77972412109 2018.58227539063
495323.04492187500 2749637.77972412109 2009.73681640625
495579.04492187500 2749637.77972412109 1990.95959472656
495835.04492187500 2749637.77972412109 1986.09228515625
496091.04492187500 2749637.77972412109 1994.23645019531
496347.04492187500 2749637.77972412109 2021.85729980469
496603.04492187500 2749637.77972412109 1994.00000000000
496859.04492187500 2749637.77972412109 1787.00000000000
497115.04492187500 2749637.77972412109 1787.00000000000
497371.04492187500 2749637.77972412109 1787.00000000000
497627.04492187500 2749637.77972412109 1787.00000000000
497883.04492187500 2749637.77972412109 1787.00000000000
498139.04492187500 2749637.77972412109 1787.00000000000
498395.04492187500 2749637.77972412109 1787.00000000000
498651.04492187500 2749637.77972412109 1787.00000000000
498907.04492187500 2749637.77972412109 1787.00000000000
499163.04492187500 2749637.77972412109 1787.00000000000
499419.04492187500 2749637.77972412109 1787.00000000000
499675.04492187500 2749637.77972412109 1787.00000000000
499931.04492187500 2749637.77972412109 1787.00000000000
500187.04492187500 2749637.77972412109 1787.00000000000
500443.04492187500 2749637.77972412109 1787.00000000000
500699.04492187500 2749637.77972412109 1787.00000000000
500955.04492187500 2749637.77972412109 1787.00000000000
501211.04492187500 2749637.77972412109 1787.00000000000
493019.04492187500 2749893.77972412109 1787.00000000000
493275.04492187500 2749893.77972412109 1787.00000000000
493531.04492187500 2749893.77972412109 1787.00000000000
493787.04492187500 2749893.77972412109 1787.00000000000
494043.04492187500 2749893.77972412109 2003.53686523438
494299.04492187500 2749893.77972412109 2009.91418457031
494555.04492187500 2749893.77972412109 2019.27539062500
494811.04492187500 2749893.77972412109 2019.41589355469
495067.04492187500 2749893.77972412109 2040.60058593750
495323.04492187500 2749893.77972412109 2013.17858886719
495579.04492187500 2749893.77972412109 1999.31994628906
495835.04492187500 2749893.77972412109 1989.40405273438
496091.04492187500 2749893.77972412109 1990.20385742188
496347.04492187500 2749893.77972412109 2023.14440917969
496603.04492187500 2749893.77972412109 2013.40856933594
496859.04492187500 2749893.77972412109 2020.50756835938
497115.04492187500 2749893.77972412109 1787.00000000000
497371.04492187500 2749893.77972412109 1787.00000000000
497627.04492187500 2749893.77972412109 1787.00000000000
497883.04492187500 2749893.77972412109 1787.00000000000
498139.04492187500 2749893.77972412109 1787.00000000000
498395.04492187500 2749893.77972412109 1787.00000000000
498651.04492187500 2749893.77972412109 1787.00000000000
498907.04492187500 2749893.77972412109 1787.00000000000
499163.04492187500 2749893.77972412109 1787.00000000000
499419.04492187500 2749893.77972412109 1787.00000000000
499675.04492187500 2749893.77972412109 1787.00000000000
499931.04492187500 2749893.77972412109 1787.00000000000
500187.04492187500 2749893.77972412109 1787.00000000000
500443.04492187500 2749893.77972412109 1787.00000000000
500699.04492187500 2749893.77972412109 1787.00000000000
500955.04492187500 2749893.77972412109 1787.00000000000
501211.04492187500 2749893.77972412109 1787.00000000000
493019.04492187500 2750149.77972412109 1787.00000000000
493275.04492187500 2750149.77972412109 1787.00000000000
493531.04492187500 2750149.77972412109 1787.00000000000
493787.04492187500 2750149.77972412109 2006.51306152344
494043.04492187500 2750149.77972412109 2008.51745605469
494299.04492187500 2750149.77972412109 2021.72509765625
494555.04492187500 2750149.77972412109 2041.38317871094
494811.04492187500 2750149.77972412109 2028.00000000000
495067.04492187500 2750149.77972412109 2043.86486816406
495323.04492187500 2750149.77972412109 2026.72668457031
495579.04492187500 2750149.77972412109 2002.88391113281
495835.04492187500 2750149.77972412109 1995.23449707031
496091.04492187500 2750149.77972412109 1990.30737304688
496347.04492187500 2750149.77972412109 2001.38867187500
496603.04492187500 2750149.77972412109 2016.70825195313
496859.04492187500 2750149.77972412109 2017.73010253906
497115.04492187500 2750149.77972412109 2042.57788085938
497371.04492187500 2750149.77972412109 1787.00000000000
497627.04492187500 2750149.77972412109 1787.00000000000
497883.04492187500 2750149.77972412109 1787.00000000000
498139.04492187500 2750149.77972412109 1787.00000000000
498395.04492187500 2750149.77972412109 1787.00000000000
498651.04492187500 2750149.77972412109 1787.00000000000
498907.04492187500 2750149.77972412109 1787.00000000000
499163.04492187500 2750149.77972412109 1787.00000000000
499419.04492187500 2750149.77972412109 1787.00000000000
499675.04492187500 2750149.77972412109 1787.00000000000
499931.04492187500 2750149.77972412109 1787.00000000000
500187.04492187500 2750149.77972412109 1787.00000000000
500443.04492187500 2750149.77972412109 1787.00000000000
500699.04492187500 2750149.77972412109 1787.00000000000
500955.04492187500 2750149.77972412109 1787.00000000000
501211.04492187500 2750149.77972412109 1787.00000000000
493019.04492187500 2750405.77972412109 1787.00000000000
493275.04492187500 2750405.77972412109 1787.00000000000
493531.04492187500 2750405.77972412109 2065.27905273438
493787.04492187500 2750405.77972412109 2013.20837402344
494043.04492187500 2750405.77972412109 2018.84179687500
494299.04492187500 2750405.77972412109 2026.33801269531
494555.04492187500 2750405.77972412109 2033.83435058594
494811.04492187500 2750405.77972412109 2057.41552734375
495067.04492187500 2750405.77972412109 2085.92993164063
495323.04492187500 2750405.77972412109 2062.30297851563
495579.04492187500 2750405.77972412109 2027.72387695313
495835.04492187500 2750405.77972412109 2003.77429199219
496091.04492187500 2750405.77972412109 1996.77478027344
496347.04492187500 2750405.77972412109 2000.88305664063
496603.04492187500 2750405.77972412109 2003.48327636719
496859.04492187500 2750405.77972412109 2017.82849121094
497115.04492187500 2750405.77972412109 1787.00000000000
497371.04492187500 2750405.77972412109 1787.00000000000
497627.04492187500 2750405.77972412109 1787.00000000000
497883.04492187500 2750405.77972412109 1787.00000000000
498139.04492187500 2750405.77972412109 1787.00000000000
498395.04492187500 2750405.77972412109 1787.00000000000
498651.04492187500 2750405.77972412109 1787.00000000000
498907.04492187500 2750405.77972412109 1787.00000000000
499163.04492187500 2750405.77972412109 1787.00000000000
499419.04492187500 2750405.77972412109 1787.00000000000
499675.04492187500 2750405.77972412109 1787.00000000000
499931.04492187500 2750405.77972412109 1787.00000000000
500187.04492187500 2750405.77972412109 1787.00000000000
500443.04492187500 2750405.77972412109 1787.00000000000
500699.04492187500 2750405.77972412109 1787.00000000000
500955.04492187500 2750405.77972412109 1787.00000000000
501211.04492187500 2750405.77972412109 1787.00000000000
493019.04492187500 2750661.77972412109 1787.00000000000
493275.04492187500 2750661.77972412109 2033.39575195313
493531.04492187500 2750661.77972412109 2029.45446777344
493787.04492187500 2750661.77972412109 2019.36645507813
494043.04492187500 2750661.77972412109 2026.86279296875
494299.04492187500 2750661.77972412109 2049.39111328125
494555.04492187500 2750661.77972412109 2056.18408203125
494811.04492187500 2750661.77972412109 2062.31640625000
495067.04492187500 2750661.77972412109 2057.95629882813
495323.04492187500 2750661.77972412109 2054.95117187500
495579.04492187500 2750661.77972412109 2050.12963867188
495835.04492187500 2750661.77972412109 2007.52111816406
496091.04492187500 2750661.77972412109 2004.06054687500
496347.04492187500 2750661.77972412109 2001.95214843750
496603.04492187500 2750661.77972412109 1998.41772460938
496859.04492187500 2750661.77972412109 1787.00000000000
497115.04492187500 2750661.77972412109 1787.00000000000
497371.04492187500 2750661.77972412109 1787.00000000000
497627.04492187500 2750661.77972412109 1787.00000000000
497883.04492187500 2750661.77972412109 1787.00000000000
498139.04492187500 2750661.77972412109 1787.00000000000
498395.04492187500 2750661.77972412109 1787.00000000000
498651.04492187500 2750661.77972412109 1787.00000000000
498907.04492187500 2750661.77972412109 1787.00000000000
499163.04492187500 2750661.77972412109 1787.00000000000
499419.04492187500 2750661.77972412109 1787.00000000000
499675.04492187500 2750661.77972412109 1787.00000000000
499931.04492187500 2750661.77972412109 1787.00000000000
500187.04492187500 2750661.77972412109 1787.00000000000
500443.04492187500 2750661.77972412109 1787.00000000000
500699.04492187500 2750661.77972412109 1787.00000000000
500955.04492187500 2750661.77972412109 1787.00000000000
501211.04492187500 2750661.77972412109 1787.00000000000
493019.04492187500 2750917.77972412109 1787.00000000000
493275.04492187500 2750917.77972412109 2030.00000000000
493531.04492187500 2750917.77972412109 2043.94628906250
493787.04492187500 2750917.77972412109 2032.81396484375
494043.04492187500 2750917.77972412109 2046.19421386719
494299.04492187500 2750917.77972412109 2041.67126464844
494555.04492187500 2750917.77972412109 2038.66613769531
494811.04492187500 2750917.77972412109 2031.72009277344
495067.04492187500 2750917.77972412109 2026.29284667969
495323.04492187500 2750917.77972412109 2025.07568359375
495579.04492187500 2750917.77972412109 2023.85852050781
495835.04492187500 2750917.77972412109 2022.64147949219
496091.04492187500 2750917.77972412109 2019.60498046875
496347.04492187500 2750917.77972412109 2009.31958007813
496603.04492187500 2750917.77972412109 1787.00000000000
496859.04492187500 2750917.77972412109 1787.00000000000
497115.04492187500 2750917.77972412109 1787.00000000000
497371.04492187500 2750917.77972412109 1787.00000000000
497627.04492187500 2750917.77972412109 1787.00000000000
497883.04492187500 2750917.77972412109 1787.00000000000
498139.04492187500 2750917.77972412109 1787.00000000000
498395.04492187500 2750917.77972412109 1787.00000000000
498651.04492187500 2750917.77972412109 1787.00000000000
498907.04492187500 2750917.77972412109 1787.00000000000
499163.04492187500 2750917.77972412109 1787.00000000000
499419.04492187500 2750917.77972412109 1787.00000000000
499675.04492187500 2750917.77972412109 1787.00000000000
499931.04492187500 2750917.77972412109 1787.00000000000
500187.04492187500 2750917.77972412109 1787.00000000000
500443.04492187500 2750917.77972412109 1787.00000000000
500699.04492187500 2750917.77972412109 1787.00000000000
500955.04492187500 2750917.77972412109 1787.00000000000
501211.04492187500 2750917.77972412109 1787.00000000000
493019.04492187500 2751173.77972412109 1787.00000000000
493275.04492187500 2751173.77972412109 1787.00000000000
493531.04492187500 2751173.77972412109 2025.72180175781
493787.04492187500 2751173.77972412109 1787.00000000000
494043.04492187500 2751173.77972412109 1787.00000000000
494299.04492187500 2751173.77972412109 1787.00000000000
494555.04492187500 2751173.77972412109 1787.00000000000
494811.04492187500 2751173.77972412109 1787.00000000000
495067.04492187500 2751173.77972412109 1787.00000000000
495323.04492187500 2751173.77972412109 1787.00000000000
495579.04492187500 2751173.77972412109 1787.00000000000
495835.04492187500 2751173.77972412109 1787.00000000000
496091.04492187500 2751173.77972412109 1787.00000000000
496347.04492187500 2751173.77972412109 1787.00000000000
496603.04492187500 2751173.77972412109 1787.00000000000
496859.04492187500 2751173.77972412109 1787.00000000000
497115.04492187500 2751173.77972412109 1787.00000000000
497371.04492187500 2751173.77972412109 1787.00000000000
497627.04492187500 2751173.77972412109 1787.00000000000
497883.04492187500 2751173.77972412109 1787.00000000000
498139.04492187500 2751173.77972412109 1787.00000000000
498395.04492187500 2751173.77972412109 1787.00000000000
498651.04492187500 2751173.77972412109 1787.00000000000
498907.04492187500 2751173.77972412109 1787.00000000000
499163.04492187500 2751173.77972412109 1787.00000000000
499419.04492187500 2751173.77972412109 1787.00000000000
499675.04492187500 2751173.77972412109 1787.00000000000
499931.04492187500 2751173.77972412109 1787.00000000000
500187.04492187500 2751173.77972412109 1787.00000000000
500443.04492187500 2751173.77972412109 1787.00000000000
500699.04492187500 2751173.77972412109 1787.00000000000
500955.04492187500 2751173.77972412109 1787.00000000000
501211.04492187500 2751173.77972412109 1787.00000000000
493019.04492187500 2751429.77972412109 1787.00000000000
493275.04492187500 2751429.77972412109 1787.00000000000
493531.04492187500 2751429.77972412109 1787.00000000000
493787.04492187500 2751429.77972412109 1787.00000000000
494043.04492187500 2751429.77972412109 1787.00000000000
494299.04492187500 2751429.77972412109 1787.00000000000
494555.04492187500 2751429.77972412109 1787.00000000000
494811.04492187500 2751429.77972412109 1787.00000000000
495067.04492187500 2751429.77972412109 1787.00000000000
495323.04492187500 2751429.77972412109 1787.00000000000
495579.04492187500 2751429.77972412109 1787.00000000000
495835.04492187500 2751429.77972412109 1787.00000000000
496091.04492187500 2751429.77972412109 1787.00000000000
496347.04492187500 2751429.77972412109 1787.00000000000
496603.04492187500 2751429.77972412109 1787.00000000000
496859.04492187500 2751429.77972412109 1787.00000000000
497115.04492187500 2751429.77972412109 1787.00000000000
497371.04492187500 2751429.77972412109 1787.00000000000
497627.04492187500 2751429.77972412109 1787.00000000000
497883.04492187500 2751429.77972412109 1787.00000000000
498139.04492187500 2751429.77972412109 1787.00000000000
498395.04492187500 2751429.77972412109 1787.00000000000
498651.04492187500 2751429.77972412109 1787.00000000000
498907.04492187500 2751429.77972412109 1787.00000000000
499163.04492187500 2751429.77972412109 1787.00000000000
499419.04492187500 2751429.77972412109 1787.00000000000
499675.04492187500 2751429.77972412109 1787.00000000000
499931.04492187500 2751429.77972412109 1787.00000000000
500187.04492187500 2751429.77972412109 1787.00000000000
500443.04492187500 2751429.77972412109 1787.00000000000
500699.04492187500 2751429.77972412109 1787.00000000000
500955.04492187500 2751429.77972412109 1787.00000000000
501211.04492187500 2751429.77972412109 1787.00000000000
493019.04492187500 2751685.77972412109 1787.00000000000
493275.04492187500 2751685.77972412109 1787.00000000000
493531.04492187500 2751685.77972412109 1787.00000000000
493787.04492187500 2751685.77972412109 1787.00000000000
494043.04492187500 2751685.77972412109 1787.00000000000
494299.04492187500 2751685.77972412109 1787.00000000000
494555.04492187500 2751685.77972412109 1787.00000000000
494811.04492187500 2751685.77972412109 1787.00000000000
495067.04492187500 2751685.77972412109 1787.00000000000
495323.04492187500 2751685.77972412109 1787.00000000000
495579.04492187500 2751685.77972412109 1787.00000000000
495835.04492187500 2751685.77972412109 1787.00000000000
496091.04492187500 2751685.77972412109 1787.00000000000
496347.04492187500 2751685.77972412109 1787.00000000000
496603.04492187500 2751685.77972412109 1787.00000000000
496859.04492187500 2751685.77972412109 1787.00000000000
497115.04492187500 2751685.77972412109 1787.00000000000
497371.04492187500 2751685.77972412109 1787.00000000000
497627.04492187500 2751685.77972412109 1787.00000000000
497883.04492187500 2751685.77972412109 1787.00000000000
498139.04492187500 2751685.77972412109 1787.00000000000
498395.04492187500 2751685.77972412109 1787.00000000000
498651.04492187500 2751685.77972412109 1787.00000000000
498907.04492187500 2751685.77972412109 1787.00000000000
499163.04492187500 2751685.77972412109 1787.00000000000
499419.04492187500 2751685.77972412109 1787.00000000000
499675.04492187500 2751685.77972412109 1787.00000000000
499931.04492187500 2751685.77972412109 1787.00000000000
500187.04492187500 2751685.77972412109 1787.00000000000
500443.04492187500 2751685.77972412109 1787.00000000000
500699.04492187500 2751685.77972412109 1787.00000000000
500955.04492187500 2751685.77972412109 1787.00000000000
501211.04492187500 2751685.77972412109 1787.00000000000
493019.04492187500 2751941.77972412109 1787.00000000000
493275.04492187500 2751941.77972412109 1787.00000000000
493531.04492187500 2751941.77972412109 1787.00000000000
493787.04492187500 2751941.77972412109 1787.00000000000
494043.04492187500 2751941.77972412109 1787.00000000000
494299.04492187500 2751941.77972412109 1787.00000000000
494555.04492187500 2751941.77972412109 1787.00000000000
494811.04492187500 2751941.77972412109 1787.00000000000
495067.04492187500 2751941.77972412109 1787.00000000000
495323.04492187500 2751941.77972412109 1787.00000000000
495579.04492187500 2751941.77972412109 1787.00000000000
495835.04492187500 2751941.77972412109 1787.00000000000
496091.04492187500 2751941.77972412109 1787.00000000000
496347.04492187500 2751941.77972412109 1787.00000000000
496603.04492187500 2751941.77972412109 1787.00000000000
496859.04492187500 2751941.77972412109 1787.00000000000
497115.04492187500 2751941.77972412109 1787.00000000000
497371.04492187500 2751941.77972412109 1787.00000000000
497627.04492187500 2751941.77972412109 1787.00000000000
497883.04492187500 2751941.77972412109 1787.00000000000
498139.04492187500 2751941.77972412109 1787.00000000000
498395.04492187500 2751941.77972412109 1787.00000000000
498651.04492187500 2751941.77972412109 1787.00000000000
498907.04492187500 2751941.77972412109 1787.00000000000
499163.04492187500 2751941.77972412109 1787.00000000000
499419.04492187500 2751941.77972412109 1787.00000000000
499675.04492187500 2751941.77972412109 1787.00000000000
499931.04492187500 2751941.77972412109 1787.00000000000
500187.04492187500 2751941.77972412109 1787.00000000000
500443.04492187500 2751941.77972412109 1787.00000000000
500699.04492187500 2751941.77972412109 1787.00000000000
500955.04492187500 2751941.77972412109 1787.00000000000
501211.04492187500 2751941.77972412109 1787.00000000000
